-5.190970769264640694e+01 1.885791954657865255e-01
-5.129419736327963619e+01 1.827175850128465173e-01
-5.067868274413967811e+01 1.903388398003527382e-01
-5.006316383522607794e+01 2.045057534410571476e-01
-4.944764063653792618e+01 1.933562159245456602e-01
-4.883211314807658709e+01 1.823353063918745631e-01
-4.821658136984115117e+01 1.927667988271219157e-01
-4.760104530183252791e+01 1.992974284839768018e-01
-4.698550494404935307e+01 1.786423921758494016e-01
-4.636996029649299089e+01 1.770450100961230011e-01
-4.575441135916253188e+01 1.844102163674768702e-01
-4.513885813205797604e+01 1.768160499612334013e-01
-4.452330061518023285e+01 1.551745831583908330e-01
-4.390773880852839284e+01 1.597080539259313481e-01
-4.329217271210336548e+01 1.686028370334283211e-01
-4.267660232590378655e+01 1.466837849391345316e-01
-4.206102764993102028e+01 1.356453228548094303e-01
-4.144544868418415717e+01 1.379796496315142951e-01
-4.082986542866274249e+01 1.417695341634218065e-01
-4.021427788336859521e+01 1.094517754759015138e-01
-3.959868604830035110e+01 1.216957280047867573e-01
-3.898308992345846491e+01 1.091815624736461182e-01
-3.836748950884248188e+01 1.139663959786527958e-01
-3.775188480445285677e+01 8.426593777490555548e-02
-3.713627581028913482e+01 1.033260771719991533e-01
-3.652066252635177079e+01 7.787711119001280990e-02
-3.590504495264121942e+01 8.232728841412727261e-02
-3.528942308915611648e+01 5.555076754234857667e-02
-3.467379693589782619e+01 8.282820891592361512e-02
-3.405816649286543907e+01 5.722498001138145302e-02
-3.344253176005895511e+01 6.791913204719519925e-02
-3.282689273747928382e+01 3.181105444246687397e-02
-3.221124942512551570e+01 4.451847372289733512e-02
-3.159560182299810549e+01 4.960164127985491195e-02
-3.097994993109659845e+01 5.082986543658538775e-02
-3.036429374942099457e+01 1.831344164763448998e-16
-2.974863327797220336e+01 2.862849743541593417e-12
-2.913296851674977006e+01 5.282412043157418829e-02
-2.851729946575369468e+01 5.336163446426719914e-02
-2.790162612498306771e+01 2.490503164956405641e-02
-2.728594849443834391e+01 3.266791271711465272e-02
-2.667026657412134227e+01 6.065700074822796828e-02
-2.605458036402933431e+01 6.083685462506394775e-02
-2.543888986416413900e+01 4.222650030058001241e-02
-2.482319507452439211e+01 5.505995346705449406e-02
-2.420749599511191263e+01 6.180974195821460626e-02
-2.359179262592488158e+01 5.143368912994864678e-02
-2.297608496696420843e+01 5.180082026342620188e-02
-2.236037301823034795e+01 6.971287292413511083e-02
-2.174465677972148114e+01 5.137511584144856952e-02
-2.112893625143988174e+01 2.581289916156092115e-02
-2.051321143338418551e+01 4.247236203297680840e-02
-1.989748232555439245e+01 5.429173724026972042e-02
-1.928174892795141204e+01 5.225492903266944732e-03
-1.866601124057433481e+01 4.739073505991615171e-02
-1.805026926342361548e+01 2.695350729773413057e-02
-1.743452299649879933e+01 3.727567154531535865e-02
-1.681877243980034109e+01 1.351200108584490467e-01
-1.620301759332778602e+01 1.845852522747035707e-01
-1.558725845708158886e+01 1.736238456017883125e-01
-1.497149503106174961e+01 2.273109935722302799e-01
-1.435572731526781354e+01 3.636804855393336311e-01
-1.373995530970114487e+01 3.912708676894556259e-01
-1.312417901435946987e+01 3.963166661047719530e-01
-1.250854876682478789e+01 4.858309811209989282e-01
-1.189276389298356662e+01 6.110918762578576580e-01
-1.127697472936779377e+01 6.036342167965429439e-01
-1.066118127597928833e+01 6.267960177622204920e-01
-1.004538353281623131e+01 7.404971760328957764e-01
-9.429581499879077455e+00 8.259696445911629548e-01
-8.813775177169191011e+00 7.816620943733523230e-01
-8.197964564684752986e+00 8.124059763433052472e-01
-7.582149662427127623e+00 9.074172084546949790e-01
-6.966330470394950680e+00 9.449683858465462993e-01
-6.350506988590041146e+00 8.939996959723082171e-01
-5.734679217010125285e+00 9.205462126754563323e-01
-5.118847155656567338e+00 9.848839948694114721e-01
-4.503010804530276801e+00 1.000000000000000000e+00
-3.887170163628979935e+00 9.684092347614603469e-01
-3.271325232954950479e+00 9.588684547178137896e-01
-2.655476012506369443e+00 9.951788154233375261e-01
-2.039622502284146321e+00 9.906405519797153447e-01
-1.423764702288735862e+00 9.967493125833013501e-01
-8.079026125183190743e-01 9.618210937313081965e-01
-1.920362329751696961e-01 9.549346002263489064e-01
4.238344363420765148e-01 9.542882481920512694e-01
1.039709395433419559e+00 9.714473839324534454e-01
1.655588644297949941e+00 9.239742874573670939e-01
2.271472182936577155e+00 8.632455998428743005e-01
2.887360011348846456e+00 8.759380296350883777e-01
3.503252129535212589e+00 9.163995540217519942e-01
4.119148537494766060e+00 8.415383272973340212e-01
4.735049235228871112e+00 7.429696031589174687e-01
5.350954222736618249e+00 7.696473677287085646e-01
5.966863500018007471e+00 8.048914905434482181e-01
6.582777067073493527e+00 7.350958863254274389e-01
7.198694923902166920e+00 5.982024109724719541e-01
7.814617070504937146e+00 6.308727619111139662e-01
8.430543506881804205e+00 6.655331032177156381e-01
9.046474233031403855e+00 5.891581067198984334e-01
9.662409248956009833e+00 4.430699081976846587e-01
1.027834855465380315e+01 4.760020349531797756e-01
1.089429215012569330e+01 4.954740073096478015e-01
1.151024003537122553e+01 4.543165157475536620e-01
1.212619221039039985e+01 3.283507550296917987e-01
1.274214867518321626e+01 3.352569325945883860e-01
1.335810942974967475e+01 3.481629914570908979e-01
1.397407447409113956e+01 3.384592318344619155e-01
1.459004380820488223e+01 2.612984525700056682e-01
1.520601743209317647e+01 2.485469232247226601e-01
1.582199534575556754e+01 2.512709800006006078e-01
1.643797754919114595e+01 2.627115972002994071e-01
1.705396404240082120e+01 2.371235600743411831e-01
1.766995482538368378e+01 2.118105373187327556e-01
1.828594989814109795e+01 2.027889606464327032e-01
1.890194926067260894e+01 2.201205243859810090e-01
1.951795291297685253e+01 2.340349137673817526e-01
2.013396085505564770e+01 2.150813580880508169e-01
2.074997308690808495e+01 1.955343859461451117e-01
2.136598960853370954e+01 2.000219624437319654e-01
2.198201041993388571e+01 2.425517629929591634e-01
2.259803552110770397e+01 2.261717923887213710e-01
2.321406491205516431e+01 1.953796417349445425e-01
2.383009859277626674e+01 1.883897500369107469e-01
2.444613656327146600e+01 2.523204729731655660e-01
2.506217882353985260e+01 2.407345978742885806e-01
2.567822537358279078e+01 2.006910622115145038e-01
2.629427621339937104e+01 1.747299047866812949e-01
2.691033134298913865e+01 2.497100438059366434e-01
2.752639076235391258e+01 2.535990647978577650e-01
2.814245447149141910e+01 2.091404791448620570e-01
2.875852247040302245e+01 1.668649210905134017e-01
2.937459475908826789e+01 2.386394468383362666e-01
2.999067133754715542e+01 2.496396075986857255e-01
3.060675220578013978e+01 2.058715309109478975e-01
3.122283736378676622e+01 1.712432226561899085e-01
3.183892681156748949e+01 2.278567354272909573e-01
3.245502054912140011e+01 2.484582210139296143e-01
3.307111857644986230e+01 2.171798794750599559e-01
3.368722089355196658e+01 1.806428440673898406e-01
3.430332750042725820e+01 2.272301587600463746e-01
3.491943839707710140e+01 2.402191043961518224e-01
3.553555358350013194e+01 2.340902857535055448e-01
3.615167305969725930e+01 2.153433131222682040e-01
3.676779682566848351e+01 2.380695839242197576e-01
3.738392488141289505e+01 2.537401352880883643e-01
3.800005722693140342e+01 2.510355949676170151e-01
3.861619386222355388e+01 2.452868773628179566e-01
3.923233478728934642e+01 2.547323256239967804e-01
3.984848000212969055e+01 2.641690603527839798e-01
4.046462950674276726e+01 2.654264745774629342e-01
4.108078330112994081e+01 2.634151785397245149e-01
4.169694138529121119e+01 2.608701545335646577e-01
4.231310375922612366e+01 2.623269225710733177e-01
4.292927042293467821e+01 2.666392614902391989e-01
4.354544137641732959e+01 2.713707990838721829e-01
4.416161661967407781e+01 2.628841614830716988e-01
4.477779615270401337e+01 2.546500824264457119e-01
4.539397997550804575e+01 2.606150919999054016e-01
4.601016808808526548e+01 2.646544457642951986e-01
4.662636049043703679e+01 2.489421040767476889e-01
4.724255718256245018e+01 2.335884082727787414e-01
4.785875816446150566e+01 2.401785539839237649e-01
4.847496343613420322e+01 2.366334379256352649e-01
4.909117299758054287e+01 2.234607129406449011e-01
4.970738684880097935e+01 2.016200719209998715e-01
5.032360498979505792e+01 2.061541699339749234e-01
5.093982742056323332e+01 2.019164652642806423e-01
5.155605414110505080e+01 1.852692453238351800e-01
5.217228515142051037e+01 1.569097013992452050e-01
5.278852045151006678e+01 1.562398203645521400e-01
5.340476004137326527e+01 1.405552743117334802e-01
5.402100392101010584e+01 1.428900158790630814e-01
5.463725209042058850e+01 1.157402281294211133e-01
5.525350454960516799e+01 9.952181073200089267e-02
5.586976129856384432e+01 8.533466073605430746e-02
5.648602233729525324e+01 9.824832943792834172e-02
5.710228766580166848e+01 7.423164050422628724e-02
5.771855728408172581e+01 5.584911305365843071e-02
5.833483119213451573e+01 4.596463713900366538e-02
5.895110938996185723e+01 5.741378472553688300e-02
5.956739187756284082e+01 4.836659683772980695e-02
6.018352819377514606e+01 3.467881708776281852e-02
6.079981925987658542e+01 3.365138930896530156e-02
6.141611461575166686e+01 4.758280053969821816e-02
6.203241426140084513e+01 4.860211274568834727e-02
6.264871819682321075e+01 3.219643877764800932e-02
6.326502642201967319e+01 3.764391493182451393e-02
6.388133893698977772e+01 4.677903500889653982e-02
6.449765574173397908e+01 5.189379516257290603e-02
6.511397683625182253e+01 5.372647791758838887e-02
6.573030222054330807e+01 5.826339881458009184e-02
6.634663189460889043e+01 5.442384833179125803e-02
6.696296585844766014e+01 6.046181964122894492e-02
6.757930411206098142e+01 6.861528158499814734e-02
6.819564665544794480e+01 7.274748406847038329e-02
6.881199348860855025e+01 6.289527390907934112e-02
6.942834461154279779e+01 5.979744712367307535e-02
7.004470002425068742e+01 7.979603021705107546e-02
7.066105972673312863e+01 7.597820008460334784e-02
7.127742371898830243e+01 5.934602002155860145e-02
7.189379200101802780e+01 5.202305829300914869e-02
7.251016457282185002e+01 7.606926819632953141e-02
7.312654143439840482e+01 8.361030279669444398e-02
7.374292258574951120e+01 6.248175416420832101e-02
7.435930802687380492e+01 4.596016253906473614e-02
7.497569775777265022e+01 7.029886755050852865e-02
7.559209177844468286e+01 9.190413534214351976e-02
7.620849008889081233e+01 6.952128800948030596e-02
7.682489268911058389e+01 4.480555063236867780e-02
7.744129957910399753e+01 8.070582610827152503e-02
7.805771075887150801e+01 1.096252666436568213e-01
7.867412622841311531e+01 8.001600636587050119e-02
7.929054598772790996e+01 6.520953042070140593e-02
7.990697003681680144e+01 1.022204188589739271e-01
8.052339837567888026e+01 1.276222914570211697e-01
8.113983100431551065e+01 1.103012110366446835e-01
8.175626792272532839e+01 9.285326374616438561e-02
8.237270913090969771e+01 1.190366986224370149e-01
8.298915462886725436e+01 1.395558294755044615e-01
8.360560441659890785e+01 1.264772475324636158e-01
8.422205849410420342e+01 1.147353521729590209e-01
8.483851686138268633e+01 1.278501973286016447e-01
8.545497951843617557e+01 1.440641301587728129e-01
8.607144646526285214e+01 1.366667889141618408e-01
8.668791770186317081e+01 1.301182902147094422e-01
8.730439322823758630e+01 1.280366355588294924e-01
8.792087304438564388e+01 1.325847117110644791e-01
8.853735715030734355e+01 1.355657775623602401e-01
8.915384554600314004e+01 1.362880673792573605e-01
8.977033823147212388e+01 1.267403771278108882e-01
9.038683520671565930e+01 1.245928633235334204e-01
9.100333647173238205e+01 1.292873958246220645e-01
9.161984202652320164e+01 1.374573884628579601e-01
9.223635187108720856e+01 1.255127371431042638e-01
9.285286600542622182e+01 1.189862252021977040e-01
9.346938442953842241e+01 1.287308049687573008e-01
9.408590714342426509e+01 1.421556750216328435e-01
9.470243414708374985e+01 1.298732368682409544e-01
9.531896544051733144e+01 1.173371819184472337e-01
9.593550102372455513e+01 1.310585718202947336e-01
9.655204089670587564e+01 1.515552997709010696e-01
9.716858505946038349e+01 1.370823557197718701e-01
9.778513351198944292e+01 1.329273335819070867e-01
9.840168625429168969e+01 1.585683433387120311e-01
9.901824328636848804e+01 1.727692113601286550e-01
9.963480460821756424e+01 1.591136959587332034e-01
1.002513702198416468e+02 1.626355591328600692e-01
1.008679401212398261e+02 1.894376599475119660e-01
1.014845143124107381e+02 2.028382718830106235e-01
1.021010927933562016e+02 1.931120253136903164e-01
1.027176755640748524e+02 2.049691251875226383e-01
1.033342626245680549e+02 2.412094952737297848e-01
1.039508539748344447e+02 2.374990682935698705e-01
1.045674496148749313e+02 2.321187876504275660e-01
1.051840495446890600e+02 2.498618993227112173e-01
-5.190970769264640694e+01 1.740410534689509348e-01
-5.129419736327963619e+01 1.779216116367580980e-01
-5.067868274413967811e+01 1.803427773168342629e-01
-5.006316383522607794e+01 1.807385475351284132e-01
-4.944764063653792618e+01 1.739735038489970964e-01
-4.883211314807658709e+01 1.776341123286680201e-01
-4.821658136984115117e+01 1.773321689720663008e-01
-4.760104530183252791e+01 1.740773398419580009e-01
-4.698550494404935307e+01 1.654869632154463699e-01
-4.636996029649299089e+01 1.713245329796510286e-01
-4.575441135916253188e+01 1.678217797866936312e-01
-4.513885813205797604e+01 1.577993532970684565e-01
-4.452330061518023285e+01 1.567280390110676880e-01
-4.390773880852839284e+01 1.576220084494071305e-01
-4.329217271210336548e+01 1.515300067319003408e-01
-4.267660232590378655e+01 1.357200793513101134e-01
-4.206102764993102028e+01 1.487334610762512943e-01
-4.144544868418415717e+01 1.415311052542974346e-01
-4.082986542866274249e+01 1.265143472201715191e-01
-4.021427788336859521e+01 1.252449546691674909e-01
-3.959868604830035110e+01 1.458641917564988955e-01
-3.898308992345846491e+01 1.203653204618635453e-01
-3.836748950884248188e+01 9.915787152939338489e-02
-3.775188480445285677e+01 1.112619571242126071e-01
-3.713627581028913482e+01 1.304732846766216703e-01
-3.652066252635177079e+01 9.521685547533607907e-02
-3.590504495264121942e+01 7.631556804669369087e-02
-3.528942308915611648e+01 9.395479825321347012e-02
-3.467379693589782619e+01 1.079564306189153694e-01
-3.405816649286543907e+01 8.231805443583171955e-02
-3.344253176005895511e+01 6.791562092021988239e-02
-3.282689273747928382e+01 7.683384024931749767e-02
-3.221124942512551570e+01 7.198447057048641684e-02
-3.159560182299810549e+01 7.659744347433636302e-02
-3.097994993109659845e+01 6.443825983413579983e-02
-3.036429374942099457e+01 3.932554945113452688e-02
-2.974863327797220336e+01 3.516221892220452311e-02
-2.913296851674977006e+01 8.356018880340713995e-02
-2.851729946575369468e+01 7.380418784263020893e-02
-2.790162612498306771e+01 4.309372246237870574e-02
-2.728594849443834391e+01 6.265053054532777888e-02
-2.667026657412134227e+01 8.777355239250181351e-02
-2.605458036402933431e+01 7.458628284577460688e-02
-2.543888986416413900e+01 6.788048529066766090e-02
-2.482319507452439211e+01 8.699846821927176288e-02
-2.420749599511191263e+01 8.388434149908516324e-02
-2.359179262592488158e+01 7.163528624535485390e-02
-2.297608496696420843e+01 8.046747834224873830e-02
-2.236037301823034795e+01 9.181124679730866267e-02
-2.174465677972148114e+01 6.964699327375656335e-02
-2.112893625143988174e+01 5.185585234495014573e-02
-2.051321143338418551e+01 7.465198733821841459e-02
-1.989748232555439245e+01 7.445338012191578259e-02
-1.928174892795141204e+01 3.260656157912902170e-02
-1.866601124057433481e+01 6.477072020239720007e-02
-1.805026926342361548e+01 3.654042055901048774e-02
-1.743452299649879933e+01 6.721490647818323394e-02
-1.681877243980034109e+01 1.525823103572317985e-01
-1.620301759332778602e+01 1.782688668908876950e-01
-1.558725845708158886e+01 1.601698268956705806e-01
-1.497149503106174961e+01 2.547094125764889361e-01
-1.435572731526781354e+01 3.629539169143555233e-01
-1.373995530970114487e+01 3.631335798228491063e-01
-1.312417901435946987e+01 3.826981693245662397e-01
-1.250854876682478789e+01 5.046030029251451499e-01
-1.189276389298356662e+01 6.042022156340407513e-01
-1.127697472936779377e+01 5.691171770985988809e-01
-1.066118127597928833e+01 6.212975808457651405e-01
-1.004538353281623131e+01 7.505516288189908458e-01
-9.429581499879077455e+00 8.117270532277233164e-01
-8.813775177169191011e+00 7.551923129079194386e-01
-8.197964564684752986e+00 8.099665886992912789e-01
-7.582149662427127623e+00 9.147649454822280868e-01
-6.966330470394950680e+00 9.326526599869257028e-01
-6.350506988590041146e+00 8.763891538359778188e-01
-5.734679217010125285e+00 9.204983300666791379e-01
-5.118847155656567338e+00 9.935459032611237973e-01
-4.503010804530276801e+00 9.924656640323606949e-01
-3.887170163628979935e+00 9.559029328410519888e-01
-3.271325232954950479e+00 9.705580697622253616e-01
-2.655476012506369443e+00 9.982271514013134617e-01
-2.039622502284146321e+00 1.000000000000000000e+00
-1.423764702288735862e+00 9.901393851598879747e-01
-8.079026125183190743e-01 9.605938758368282038e-01
-1.920362329751696961e-01 9.553913368789643812e-01
4.238344363420765148e-01 9.776682394857819647e-01
1.039709395433419559e+00 9.785507504180152027e-01
1.655588644297949941e+00 9.222885779155051145e-01
2.271472182936577155e+00 8.753274569098050684e-01
2.887360011348846456e+00 9.172458464522814658e-01
3.503252129535212589e+00 9.264255025308857361e-01
4.119148537494766060e+00 8.330242510446227433e-01
4.735049235228871112e+00 7.544021324252194738e-01
5.350954222736618249e+00 8.194594491759817911e-01
5.966863500018007471e+00 8.233152430310186620e-01
6.582777067073493527e+00 7.202470691145930193e-01
7.198694923902166920e+00 6.190701096690999217e-01
7.814617070504937146e+00 6.738344287031892144e-01
8.430543506881804205e+00 6.830580164070557680e-01
9.046474233031403855e+00 5.728332997055030074e-01
9.662409248956009833e+00 4.588378245357331853e-01
1.027834855465380315e+01 5.020592671028947240e-01
1.089429215012569330e+01 5.030292679133899769e-01
1.151024003537122553e+01 4.328422623696763227e-01
1.212619221039039985e+01 3.345750875970608385e-01
1.274214867518321626e+01 3.537147598743990984e-01
1.335810942974967475e+01 3.451040280480929812e-01
1.397407447409113956e+01 3.246173690707832016e-01
1.459004380820488223e+01 2.552573294794345804e-01
1.520601743209317647e+01 2.488673416203723288e-01
1.582199534575556754e+01 2.458117226880230100e-01
1.643797754919114595e+01 2.547294215428732578e-01
1.705396404240082120e+01 2.263185831800720305e-01
1.766995482538368378e+01 2.069033867660098891e-01
1.828594989814109795e+01 1.941854885781149065e-01
1.890194926067260894e+01 2.166718098144262139e-01
1.951795291297685253e+01 2.201071530050948688e-01
2.013396085505564770e+01 2.069031263603590964e-01
2.074997308690808495e+01 1.865099639350402405e-01
2.136598960853370954e+01 1.967318699740926713e-01
2.198201041993388571e+01 2.301516644207102502e-01
2.259803552110770397e+01 2.142609241191667235e-01
2.321406491205516431e+01 1.850487570041942920e-01
2.383009859277626674e+01 1.868055523662570661e-01
2.444613656327146600e+01 2.442056394998976532e-01
2.506217882353985260e+01 2.283024975698157155e-01
2.567822537358279078e+01 1.871153371881367766e-01
2.629427621339937104e+01 1.665068686917633989e-01
2.691033134298913865e+01 2.500655499283676586e-01
2.752639076235391258e+01 2.395621663172630145e-01
2.814245447149141910e+01 1.986796226833415224e-01
2.875852247040302245e+01 1.656185645142053964e-01
2.937459475908826789e+01 2.450024125445827150e-01
2.999067133754715542e+01 2.512211338318486309e-01
3.060675220578013978e+01 2.091248194827353690e-01
3.122283736378676622e+01 1.729620026412711786e-01
3.183892681156748949e+01 2.399406216248190227e-01
3.245502054912140011e+01 2.607181701114923977e-01
3.307111857644986230e+01 2.271863349376824215e-01
3.368722089355196658e+01 1.926242625985797319e-01
3.430332750042725820e+01 2.461603931249828625e-01
3.491943839707710140e+01 2.701165501707269434e-01
3.553555358350013194e+01 2.516356313735896855e-01
3.615167305969725930e+01 2.268740017569917111e-01
3.676779682566848351e+01 2.587421229930526034e-01
3.738392488141289505e+01 2.810959997051543091e-01
3.800005722693140342e+01 2.740400724050779946e-01
3.861619386222355388e+01 2.659376639976654411e-01
3.923233478728934642e+01 2.724446297180794785e-01
3.984848000212969055e+01 2.899732141579549616e-01
4.046462950674276726e+01 2.898312586807274549e-01
4.108078330112994081e+01 2.821695902540398149e-01
4.169694138529121119e+01 2.801246207016657164e-01
4.231310375922612366e+01 2.862860283754332102e-01
4.292927042293467821e+01 2.896942936094351606e-01
4.354544137641732959e+01 2.934552592869541510e-01
4.416161661967407781e+01 2.798070771707259485e-01
4.477779615270401337e+01 2.705015909827133691e-01
4.539397997550804575e+01 2.806069042355262555e-01
4.601016808808526548e+01 2.869279876689594388e-01
4.662636049043703679e+01 2.701095710693190433e-01
4.724255718256245018e+01 2.518296878641745340e-01
4.785875816446150566e+01 2.616662802231783380e-01
4.847496343613420322e+01 2.597794222601789160e-01
4.909117299758054287e+01 2.448503539805394202e-01
4.970738684880097935e+01 2.167947498410526252e-01
5.032360498979505792e+01 2.261502612018483072e-01
5.093982742056323332e+01 2.229315618752530648e-01
5.155605414110505080e+01 2.022155876367781879e-01
5.217228515142051037e+01 1.754368088780828006e-01
5.278852045151006678e+01 1.756035117429611547e-01
5.340476004137326527e+01 1.614600542196409916e-01
5.402100392101010584e+01 1.634687683347859355e-01
5.463725209042058850e+01 1.346483749473419700e-01
5.525350454960516799e+01 1.191006140126897178e-01
5.586976129856384432e+01 1.076585620943997512e-01
5.648602233729525324e+01 1.220301637171761489e-01
5.710228766580166848e+01 9.682294731019083778e-02
5.771855728408172581e+01 7.913902460676075501e-02
5.833483119213451573e+01 7.297777765736863931e-02
5.895110938996185723e+01 8.879462725326311978e-02
5.956739187756284082e+01 7.673167811935141525e-02
6.018352819377514606e+01 6.086730027222301415e-02
6.079981925987658542e+01 6.410666133583121928e-02
6.141611461575166686e+01 7.623362395393683266e-02
6.203241426140084513e+01 7.733437983422879192e-02
6.264871819682321075e+01 6.756749888334240284e-02
6.326502642201967319e+01 6.694007533166938806e-02
6.388133893698977772e+01 7.688208391639371475e-02
6.449765574173397908e+01 8.159456715661635162e-02
6.511397683625182253e+01 8.346044087995772853e-02
6.573030222054330807e+01 8.478495335919579434e-02
6.634663189460889043e+01 8.037671670365846566e-02
6.696296585844766014e+01 9.280903546866389742e-02
6.757930411206098142e+01 1.004991650524741237e-01
6.819564665544794480e+01 9.738605953145951233e-02
6.881199348860855025e+01 8.641152489498576950e-02
6.942834461154279779e+01 9.311188409666269761e-02
7.004470002425068742e+01 1.074018474024791975e-01
7.066105972673312863e+01 1.061109740321431877e-01
7.127742371898830243e+01 8.353485881245692468e-02
7.189379200101802780e+01 8.313808420192567161e-02
7.251016457282185002e+01 1.060784484278852469e-01
7.312654143439840482e+01 1.046884448567248077e-01
7.374292258574951120e+01 8.392919207775130508e-02
7.435930802687380492e+01 7.431219813803056906e-02
7.497569775777265022e+01 9.599341631197827462e-02
7.559209177844468286e+01 1.040847680837660716e-01
7.620849008889081233e+01 7.996608964800669406e-02
7.682489268911058389e+01 6.363017943597094883e-02
7.744129957910399753e+01 9.350582528465672949e-02
7.805771075887150801e+01 1.095723789465760795e-01
7.867412622841311531e+01 7.836043705433848316e-02
7.929054598772790996e+01 6.881180596473837618e-02
7.990697003681680144e+01 1.019609034898913830e-01
8.052339837567888026e+01 1.152064812999732679e-01
8.113983100431551065e+01 9.806411995837462092e-02
8.175626792272532839e+01 8.732664039114254595e-02
8.237270913090969771e+01 1.075713946752710065e-01
8.298915462886725436e+01 1.178046660373373161e-01
8.360560441659890785e+01 1.114262866362785154e-01
8.422205849410420342e+01 9.998215483018660366e-02
8.483851686138268633e+01 1.109242153322326785e-01
8.545497951843617557e+01 1.214667198314293151e-01
8.607144646526285214e+01 1.152575490474360836e-01
8.668791770186317081e+01 1.126993888320852594e-01
8.730439322823758630e+01 1.127283174292292162e-01
8.792087304438564388e+01 1.104591487180635045e-01
8.853735715030734355e+01 1.146871130488593821e-01
8.915384554600314004e+01 1.147005596594695281e-01
8.977033823147212388e+01 1.098001247221745136e-01
9.038683520671565930e+01 1.053521560378311156e-01
9.100333647173238205e+01 1.117959889438992632e-01
9.161984202652320164e+01 1.219777578134072921e-01
9.223635187108720856e+01 1.038853626336134900e-01
9.285286600542622182e+01 1.023792089012926093e-01
9.346938442953842241e+01 1.172732781082669734e-01
9.408590714342426509e+01 1.314998486593616234e-01
9.470243414708374985e+01 1.139548795490066824e-01
9.531896544051733144e+01 1.039499886794268552e-01
9.593550102372455513e+01 1.272542113272464581e-01
9.655204089670587564e+01 1.411743479750683927e-01
9.716858505946038349e+01 1.265009485496971509e-01
9.778513351198944292e+01 1.248440313234187443e-01
9.840168625429168969e+01 1.555712331328946707e-01
9.901824328636848804e+01 1.653931128433502873e-01
9.963480460821756424e+01 1.493353948631897798e-01
1.002513702198416468e+02 1.575345345751129333e-01
1.008679401212398261e+02 1.849719280188318604e-01
1.014845143124107381e+02 1.935497256053501924e-01
1.021010927933562016e+02 1.821294076944376950e-01
1.027176755640748524e+02 1.969665382922426156e-01
1.033342626245680549e+02 2.286017896286914042e-01
1.039508539748344447e+02 2.200151262083658854e-01
1.045674496148749313e+02 2.137863076114717431e-01
1.051840495446890600e+02 2.359727873211427407e-01
-5.190970769264640694e+01 1.609730617065355807e-01
-5.129419736327963619e+01 1.734169814492536599e-01
-5.067868274413967811e+01 1.716166131336514800e-01
-5.006316383522607794e+01 1.614960856215659213e-01
-4.944764063653792618e+01 1.644413724246109876e-01
-4.883211314807658709e+01 1.764825209003034190e-01
-4.821658136984115117e+01 1.657611580032505305e-01
-4.760104530183252791e+01 1.561259700007948392e-01
-4.698550494404935307e+01 1.600445789466783397e-01
-4.636996029649299089e+01 1.675555173338808268e-01
-4.575441135916253188e+01 1.514324861056811078e-01
-4.513885813205797604e+01 1.462411429181546263e-01
-4.452330061518023285e+01 1.550409383161593657e-01
-4.390773880852839284e+01 1.495088827093946082e-01
-4.329217271210336548e+01 1.331258565880400757e-01
-4.267660232590378655e+01 1.352113411260590647e-01
-4.206102764993102028e+01 1.512767104509633864e-01
-4.144544868418415717e+01 1.347247985104568502e-01
-4.082986542866274249e+01 1.169342507230196754e-01
-4.021427788336859521e+01 1.323728514755454500e-01
-3.959868604830035110e+01 1.536934607522231488e-01
-3.898308992345846491e+01 1.196248812767862352e-01
-3.836748950884248188e+01 9.996297243647947472e-02
-3.775188480445285677e+01 1.313822027145625515e-01
-3.713627581028913482e+01 1.501791689550237008e-01
-3.652066252635177079e+01 1.026719416891636871e-01
-3.590504495264121942e+01 8.298043501750611284e-02
-3.528942308915611648e+01 1.208991313613069912e-01
-3.467379693589782619e+01 1.313311344992528773e-01
-3.405816649286543907e+01 9.406060707275225308e-02
-3.344253176005895511e+01 7.539200538678091090e-02
-3.282689273747928382e+01 1.060598969496707594e-01
-3.221124942512551570e+01 1.029259919663400302e-01
-3.159560182299810549e+01 9.513605713297940136e-02
-3.097994993109659845e+01 7.844705140837809898e-02
-3.036429374942099457e+01 7.660012063982352126e-02
-2.974863327797220336e+01 6.991439190158349470e-02
-2.913296851674977006e+01 1.007873783485667696e-01
-2.851729946575369468e+01 8.906320285322910646e-02
-2.790162612498306771e+01 6.682643974641899742e-02
-2.728594849443834391e+01 9.087868796242599967e-02
-2.667026657412134227e+01 1.078281248275841375e-01
-2.605458036402933431e+01 9.316939391964648709e-02
-2.543888986416413900e+01 8.900393051044007409e-02
-2.482319507452439211e+01 1.074804092897725383e-01
-2.420749599511191263e+01 1.070211093935192204e-01
-2.359179262592488158e+01 9.373370698861140105e-02
-2.297608496696420843e+01 1.033053354725871203e-01
-2.236037301823034795e+01 1.101651069442300540e-01
-2.174465677972148114e+01 8.970421046006146759e-02
-2.112893625143988174e+01 7.421717716509657059e-02
-2.051321143338418551e+01 9.971443476273324225e-02
-1.989748232555439245e+01 9.052261525844378098e-02
-1.928174892795141204e+01 6.438822939647516341e-02
-1.866601124057433481e+01 8.280175246458411353e-02
-1.805026926342361548e+01 6.529735012577440878e-02
-1.743452299649879933e+01 9.453890349025986795e-02
-1.681877243980034109e+01 1.748002090011161191e-01
-1.620301759332778602e+01 1.871929545119565275e-01
-1.558725845708158886e+01 1.716823823396801951e-01
-1.497149503106174961e+01 2.743842928759633315e-01
-1.435572731526781354e+01 3.634875488214412420e-01
-1.373995530970114487e+01 3.591331073218935188e-01
-1.312417901435946987e+01 3.842468631796734924e-01
-1.250854876682478789e+01 5.166547561068414174e-01
-1.189276389298356662e+01 5.900818507949616709e-01
-1.127697472936779377e+01 5.573359547929926938e-01
-1.066118127597928833e+01 6.166458071419013143e-01
-1.004538353281623131e+01 7.475287284321787684e-01
-9.429581499879077455e+00 7.833781295798138977e-01
-8.813775177169191011e+00 7.419114745732273697e-01
-8.197964564684752986e+00 8.095760584183449016e-01
-7.582149662427127623e+00 9.126129746201946391e-01
-6.966330470394950680e+00 9.080062687219135897e-01
-6.350506988590041146e+00 8.697676145906791945e-01
-5.734679217010125285e+00 9.169387276118177166e-01
-5.118847155656567338e+00 9.886018425512222985e-01
-4.503010804530276801e+00 9.786029510186712299e-01
-3.887170163628979935e+00 9.473422361902650302e-01
-3.271325232954950479e+00 9.625249498889162370e-01
-2.655476012506369443e+00 9.945913927985440273e-01
-2.039622502284146321e+00 1.000000000000000000e+00
-1.423764702288735862e+00 9.844911237167556228e-01
-8.079026125183190743e-01 9.551393649560437904e-01
-1.920362329751696961e-01 9.574308083573797035e-01
4.238344363420765148e-01 9.870156797767142276e-01
1.039709395433419559e+00 9.758546816386858280e-01
1.655588644297949941e+00 9.151257678602462420e-01
2.271472182936577155e+00 8.831859853312259423e-01
2.887360011348846456e+00 9.396458685482720341e-01
3.503252129535212589e+00 9.262711885705392501e-01
4.119148537494766060e+00 8.264497582564831468e-01
4.735049235228871112e+00 7.644198340855596907e-01
5.350954222736618249e+00 8.421558760510986508e-01
5.966863500018007471e+00 8.249803655981680084e-01
6.582777067073493527e+00 7.056474809491937172e-01
7.198694923902166920e+00 6.327864141128020092e-01
7.814617070504937146e+00 6.964894428580254981e-01
8.430543506881804205e+00 6.776336705467821409e-01
9.046474233031403855e+00 5.557458466625737614e-01
9.662409248956009833e+00 4.714588450582047341e-01
1.027834855465380315e+01 5.152528196944595740e-01
1.089429215012569330e+01 4.899917589895838033e-01
1.151024003537122553e+01 4.122075452975870746e-01
1.212619221039039985e+01 3.347057790415098322e-01
1.274214867518321626e+01 3.472249189576382400e-01
1.335810942974967475e+01 3.333687048535750042e-01
1.397407447409113956e+01 3.028463419534587198e-01
1.459004380820488223e+01 2.436254542896086894e-01
1.520601743209317647e+01 2.400749988120570999e-01
1.582199534575556754e+01 2.307370268395674273e-01
1.643797754919114595e+01 2.371204191763706393e-01
1.705396404240082120e+01 2.092985114837961902e-01
1.766995482538368378e+01 1.967910288558330223e-01
1.828594989814109795e+01 1.864151687246047573e-01
1.890194926067260894e+01 2.014994445004770762e-01
1.951795291297685253e+01 2.067176254626809373e-01
2.013396085505564770e+01 1.995180158558487460e-01
2.074997308690808495e+01 1.798996812919644306e-01
2.136598960853370954e+01 1.893078109140555465e-01
2.198201041993388571e+01 2.144662931659602201e-01
2.259803552110770397e+01 2.024013074431103565e-01
2.321406491205516431e+01 1.708720203623211309e-01
2.383009859277626674e+01 1.784659075883383850e-01
2.444613656327146600e+01 2.270478042750939118e-01
2.506217882353985260e+01 2.085800041945922167e-01
2.567822537358279078e+01 1.702551686265413866e-01
2.629427621339937104e+01 1.659485709203458725e-01
2.691033134298913865e+01 2.343659792979839729e-01
2.752639076235391258e+01 2.252429893367185465e-01
2.814245447149141910e+01 1.858184468162806524e-01
2.875852247040302245e+01 1.600688793263966847e-01
2.937459475908826789e+01 2.399303195929017862e-01
2.999067133754715542e+01 2.468642476870769875e-01
3.060675220578013978e+01 2.029169467429588203e-01
3.122283736378676622e+01 1.684217390660267266e-01
3.183892681156748949e+01 2.441097432311680471e-01
3.245502054912140011e+01 2.734199666925281602e-01
3.307111857644986230e+01 2.373393323720666970e-01
3.368722089355196658e+01 1.926387448858087603e-01
3.430332750042725820e+01 2.564998789416157443e-01
3.491943839707710140e+01 2.885041329130115795e-01
3.553555358350013194e+01 2.662212700979720847e-01
3.615167305969725930e+01 2.365491335864815803e-01
3.676779682566848351e+01 2.748658395257768117e-01
3.738392488141289505e+01 3.021668129949835468e-01
3.800005722693140342e+01 2.930062840177097283e-01
3.861619386222355388e+01 2.776253521255911960e-01
3.923233478728934642e+01 2.872303265605464229e-01
3.984848000212969055e+01 3.080650411794091936e-01
4.046462950674276726e+01 3.052462019472533261e-01
4.108078330112994081e+01 2.964032978841379951e-01
4.169694138529121119e+01 2.961640908491814383e-01
4.231310375922612366e+01 3.014210617319865726e-01
4.292927042293467821e+01 3.076050842452995315e-01
4.354544137641732959e+01 3.106085267834118868e-01
4.416161661967407781e+01 2.917096469458247965e-01
4.477779615270401337e+01 2.850763821259985065e-01
4.539397997550804575e+01 2.957046939078965542e-01
4.601016808808526548e+01 2.980165985694187003e-01
4.662636049043703679e+01 2.779560546268884380e-01
4.724255718256245018e+01 2.632913135214421385e-01
4.785875816446150566e+01 2.774071427295479730e-01
4.847496343613420322e+01 2.772078231747676091e-01
4.909117299758054287e+01 2.583622516316944617e-01
4.970738684880097935e+01 2.293832839118598310e-01
5.032360498979505792e+01 2.398399113318706588e-01
5.093982742056323332e+01 2.363269692106111652e-01
5.155605414110505080e+01 2.174966764439136002e-01
5.217228515142051037e+01 1.875196301439179258e-01
5.278852045151006678e+01 1.881544782990671461e-01
5.340476004137326527e+01 1.782249012636923091e-01
5.402100392101010584e+01 1.807050283321957884e-01
5.463725209042058850e+01 1.491346921264480874e-01
5.525350454960516799e+01 1.387816693475281415e-01
5.586976129856384432e+01 1.322995426584200329e-01
5.648602233729525324e+01 1.465782037554096140e-01
5.710228766580166848e+01 1.210418180166288188e-01
5.771855728408172581e+01 1.085844205450222505e-01
5.833483119213451573e+01 1.062358639284310680e-01
5.895110938996185723e+01 1.199277366475212797e-01
5.956739187756284082e+01 1.070315398977401827e-01
6.018352819377514606e+01 9.843386783906489523e-02
6.079981925987658542e+01 1.013627177257961642e-01
6.141611461575166686e+01 1.109253947234874749e-01
6.203241426140084513e+01 1.094019436578983068e-01
6.264871819682321075e+01 1.095074035041507660e-01
6.326502642201967319e+01 1.102827941664389771e-01
6.388133893698977772e+01 1.120827925402095859e-01
6.449765574173397908e+01 1.209896585489014104e-01
6.511397683625182253e+01 1.231384907788994759e-01
6.573030222054330807e+01 1.253790897068327304e-01
6.634663189460889043e+01 1.145198512728091977e-01
6.696296585844766014e+01 1.301717243212563435e-01
6.757930411206098142e+01 1.386689053548541550e-01
6.819564665544794480e+01 1.345936561407945486e-01
6.881199348860855025e+01 1.201758385247169436e-01
6.942834461154279779e+01 1.306758968173722391e-01
7.004470002425068742e+01 1.449472377103184773e-01
7.066105972673312863e+01 1.367312234693099648e-01
7.127742371898830243e+01 1.142831088566826636e-01
7.189379200101802780e+01 1.243096044000978478e-01
7.251016457282185002e+01 1.394347022121688873e-01
7.312654143439840482e+01 1.317862271256661222e-01
7.374292258574951120e+01 1.090831555805951147e-01
7.435930802687380492e+01 1.073593779308702617e-01
7.497569775777265022e+01 1.209747588040262500e-01
7.559209177844468286e+01 1.190164761288967921e-01
7.620849008889081233e+01 9.738216027123221263e-02
7.682489268911058389e+01 8.660065432840891031e-02
7.744129957910399753e+01 1.073761250631836972e-01
7.805771075887150801e+01 1.143842273056659004e-01
7.867412622841311531e+01 8.909713816503794792e-02
7.929054598772790996e+01 8.102812904193132382e-02
7.990697003681680144e+01 1.033087505852295224e-01
8.052339837567888026e+01 1.027437883035155208e-01
8.113983100431551065e+01 9.302089592145823538e-02
8.175626792272532839e+01 8.707284823034702748e-02
8.237270913090969771e+01 9.930349057801965418e-02
8.298915462886725436e+01 9.877330158732706977e-02
8.360560441659890785e+01 9.867541922625443218e-02
8.422205849410420342e+01 8.902789418678169753e-02
8.483851686138268633e+01 9.409627794369923581e-02
8.545497951843617557e+01 1.002416769266716023e-01
8.607144646526285214e+01 1.000774894488678929e-01
8.668791770186317081e+01 9.867255530038271383e-02
8.730439322823758630e+01 9.452823698925048868e-02
8.792087304438564388e+01 9.318892283666749266e-02
8.853735715030734355e+01 1.004254037584713793e-01
8.915384554600314004e+01 1.044241262794577824e-01
8.977033823147212388e+01 9.340411459798286797e-02
9.038683520671565930e+01 8.747645581509616575e-02
9.100333647173238205e+01 9.961115484557947486e-02
9.161984202652320164e+01 1.092556411443492137e-01
9.223635187108720856e+01 9.445344174193326392e-02
9.285286600542622182e+01 9.159296502491597047e-02
9.346938442953842241e+01 1.077186911524057877e-01
9.408590714342426509e+01 1.240991263782587617e-01
9.470243414708374985e+01 1.017671371497781418e-01
9.531896544051733144e+01 9.852143962402060140e-02
9.593550102372455513e+01 1.223126198208472765e-01
9.655204089670587564e+01 1.319603612651762126e-01
9.716858505946038349e+01 1.176579415838517051e-01
9.778513351198944292e+01 1.215148087054920140e-01
9.840168625429168969e+01 1.508528318953560876e-01
9.901824328636848804e+01 1.510689654393156112e-01
9.963480460821756424e+01 1.351355076674769229e-01
1.002513702198416468e+02 1.491965943264296768e-01
1.008679401212398261e+02 1.779571351237768106e-01
1.014845143124107381e+02 1.776434741634633774e-01
1.021010927933562016e+02 1.660737960056960227e-01
1.027176755640748524e+02 1.860489708733581715e-01
1.033342626245680549e+02 2.109377399884541648e-01
1.039508539748344447e+02 1.994272330780492986e-01
1.045674496148749313e+02 1.923531274962599902e-01
1.051840495446890600e+02 2.131184733579193913e-01
-5.190970769264640694e+01 1.516301410132476213e-01
-5.129419736327963619e+01 1.663252017807194949e-01
-5.067868274413967811e+01 1.588551089555481077e-01
-5.006316383522607794e+01 1.423328177343047285e-01
-4.944764063653792618e+01 1.556760823347397849e-01
-4.883211314807658709e+01 1.667756371070383825e-01
-4.821658136984115117e+01 1.498290615356511202e-01
-4.760104530183252791e+01 1.371423853957060013e-01
-4.698550494404935307e+01 1.534067401630398175e-01
-4.636996029649299089e+01 1.516156851891209412e-01
-4.575441135916253188e+01 1.370267334493778522e-01
-4.513885813205797604e+01 1.345193168301621889e-01
-4.452330061518023285e+01 1.503884557673055844e-01
-4.390773880852839284e+01 1.361881155791454800e-01
-4.329217271210336548e+01 1.191817901329458168e-01
-4.267660232590378655e+01 1.307188122798308705e-01
-4.206102764993102028e+01 1.544301822264947111e-01
-4.144544868418415717e+01 1.245434289866874378e-01
-4.082986542866274249e+01 1.079044291475663303e-01
-4.021427788336859521e+01 1.366149790194040314e-01
-3.959868604830035110e+01 1.571672717055375146e-01
-3.898308992345846491e+01 1.138022197214393072e-01
-3.836748950884248188e+01 1.033466548156086323e-01
-3.775188480445285677e+01 1.445918688953820586e-01
-3.713627581028913482e+01 1.602415789641976895e-01
-3.652066252635177079e+01 1.049279776516504059e-01
-3.590504495264121942e+01 1.080951032874113982e-01
-3.528942308915611648e+01 1.498414066159781122e-01
-3.467379693589782619e+01 1.518806981317806781e-01
-3.405816649286543907e+01 9.963257366479506827e-02
-3.344253176005895511e+01 1.056723762515275195e-01
-3.282689273747928382e+01 1.486714435046765648e-01
-3.221124942512551570e+01 1.327921250644420181e-01
-3.159560182299810549e+01 1.081066135637522158e-01
-3.097994993109659845e+01 1.055881763195822970e-01
-3.036429374942099457e+01 1.171389505193274616e-01
-2.974863327797220336e+01 1.110451263800672633e-01
-2.913296851674977006e+01 1.202236921458476743e-01
-2.851729946575369468e+01 1.078265512495829442e-01
-2.790162612498306771e+01 1.028554386712553920e-01
-2.728594849443834391e+01 1.135169813079187073e-01
-2.667026657412134227e+01 1.281064071531692883e-01
-2.605458036402933431e+01 1.137716515005453843e-01
-2.543888986416413900e+01 1.159667636529424228e-01
-2.482319507452439211e+01 1.310693319610056196e-01
-2.420749599511191263e+01 1.259291714149788077e-01
-2.359179262592488158e+01 1.168398386337886063e-01
-2.297608496696420843e+01 1.267617535299967735e-01
-2.236037301823034795e+01 1.321916142650444159e-01
-2.174465677972148114e+01 1.115346320615081960e-01
-2.112893625143988174e+01 1.002316962775969267e-01
-2.051321143338418551e+01 1.236603154613638705e-01
-1.989748232555439245e+01 1.102964880172166845e-01
-1.928174892795141204e+01 1.045974302590144261e-01
-1.866601124057433481e+01 1.197760926381514629e-01
-1.805026926342361548e+01 9.931935714323654463e-02
-1.743452299649879933e+01 1.340464306708527009e-01
-1.681877243980034109e+01 1.996230207664567713e-01
-1.620301759332778602e+01 2.096154799711304473e-01
-1.558725845708158886e+01 1.942338959931612929e-01
-1.497149503106174961e+01 2.980639965731068930e-01
-1.435572731526781354e+01 3.675930581364346694e-01
-1.373995530970114487e+01 3.675223170220431324e-01
-1.312417901435946987e+01 3.983825606547188314e-01
-1.250854876682478789e+01 5.267877920780111856e-01
-1.189276389298356662e+01 5.771756440720599013e-01
-1.127697472936779377e+01 5.605548223980733047e-01
-1.066118127597928833e+01 6.219347803308710176e-01
-1.004538353281623131e+01 7.534434551870790031e-01
-9.429581499879077455e+00 7.667390378830872821e-01
-8.813775177169191011e+00 7.348914541794241417e-01
-8.197964564684752986e+00 8.114362496763867227e-01
-7.582149662427127623e+00 9.069195596590694519e-01
-6.966330470394950680e+00 8.939902401987164238e-01
-6.350506988590041146e+00 8.673358959083145026e-01
-5.734679217010125285e+00 9.184094165726727210e-01
-5.118847155656567338e+00 9.849925169071478415e-01
-4.503010804530276801e+00 9.673573170657300269e-01
-3.887170163628979935e+00 9.466580072811029423e-01
-3.271325232954950479e+00 9.682036544530445710e-01
-2.655476012506369443e+00 9.996629992360832606e-01
-2.039622502284146321e+00 1.000000000000000000e+00
-1.423764702288735862e+00 9.833391236944437619e-01
-8.079026125183190743e-01 9.578072200135020475e-01
-1.920362329751696961e-01 9.665187762638566271e-01
4.238344363420765148e-01 9.967176766729328730e-01
1.039709395433419559e+00 9.782379586231928492e-01
1.655588644297949941e+00 9.169922884980566957e-01
2.271472182936577155e+00 8.954113037212909632e-01
2.887360011348846456e+00 9.573651374996708929e-01
3.503252129535212589e+00 9.252794396456368586e-01
4.119148537494766060e+00 8.228460098520781196e-01
4.735049235228871112e+00 7.853079698824582122e-01
5.350954222736618249e+00 8.619011003642421676e-01
5.966863500018007471e+00 8.235746960270744488e-01
6.582777067073493527e+00 6.956331543894155311e-01
7.198694923902166920e+00 6.467490668592298375e-01
7.814617070504937146e+00 7.047640338771050672e-01
8.430543506881804205e+00 6.694747787810965134e-01
9.046474233031403855e+00 5.373637837096023606e-01
9.662409248956009833e+00 4.785629525070302925e-01
1.027834855465380315e+01 5.127129871008034856e-01
1.089429215012569330e+01 4.754032943662981348e-01
1.151024003537122553e+01 3.876021430653023847e-01
1.212619221039039985e+01 3.345962971591142643e-01
1.274214867518321626e+01 3.317109116330957397e-01
1.335810942974967475e+01 3.117668019859036743e-01
1.397407447409113956e+01 2.739876265452202975e-01
1.459004380820488223e+01 2.251542654114199182e-01
1.520601743209317647e+01 2.197655408862600468e-01
1.582199534575556754e+01 2.037030278261772465e-01
1.643797754919114595e+01 2.115539821027403455e-01
1.705396404240082120e+01 1.935743036151760799e-01
1.766995482538368378e+01 1.866144577632823653e-01
1.828594989814109795e+01 1.838670782816561322e-01
1.890194926067260894e+01 1.842281976684664313e-01
1.951795291297685253e+01 1.926440630580282531e-01
2.013396085505564770e+01 1.945214421789944470e-01
2.074997308690808495e+01 1.812974132256881810e-01
2.136598960853370954e+01 1.778813520781200308e-01
2.198201041993388571e+01 2.011960814145766774e-01
2.259803552110770397e+01 1.937177187233308506e-01
2.321406491205516431e+01 1.633099452535907992e-01
2.383009859277626674e+01 1.674599569377138442e-01
2.444613656327146600e+01 2.044978173878879701e-01
2.506217882353985260e+01 1.865115184885787758e-01
2.567822537358279078e+01 1.496426861516891860e-01
2.629427621339937104e+01 1.546813350925490271e-01
2.691033134298913865e+01 2.107665170884822914e-01
2.752639076235391258e+01 2.024301585785300284e-01
2.814245447149141910e+01 1.656268977152587363e-01
2.875852247040302245e+01 1.504022222786277063e-01
2.937459475908826789e+01 2.252180205951234138e-01
2.999067133754715542e+01 2.389352578648840097e-01
3.060675220578013978e+01 1.964024882491292590e-01
3.122283736378676622e+01 1.629713259409815429e-01
3.183892681156748949e+01 2.414709155594967904e-01
3.245502054912140011e+01 2.805240518236354896e-01
3.307111857644986230e+01 2.398623856945897859e-01
3.368722089355196658e+01 1.914023247383936643e-01
3.430332750042725820e+01 2.648282283439671869e-01
3.491943839707710140e+01 3.059447683107384131e-01
3.553555358350013194e+01 2.737470752312614608e-01
3.615167305969725930e+01 2.422788541269325080e-01
3.676779682566848351e+01 2.850221658431773553e-01
3.738392488141289505e+01 3.221640956596993344e-01
3.800005722693140342e+01 3.047229611084564804e-01
3.861619386222355388e+01 2.830300757426519320e-01
3.923233478728934642e+01 2.970479521430359204e-01
3.984848000212969055e+01 3.253311494767571199e-01
4.046462950674276726e+01 3.174733302583715999e-01
4.108078330112994081e+01 3.060900997203809260e-01
4.169694138529121119e+01 3.045857295872421711e-01
4.231310375922612366e+01 3.131869359379189643e-01
4.292927042293467821e+01 3.190449800384069223e-01
4.354544137641732959e+01 3.167903058373925385e-01
4.416161661967407781e+01 3.001754476466748089e-01
4.477779615270401337e+01 2.955641360778559212e-01
4.539397997550804575e+01 3.133819814642560542e-01
4.601016808808526548e+01 3.117459342379718112e-01
4.662636049043703679e+01 2.879903287368251186e-01
4.724255718256245018e+01 2.700895126104547739e-01
4.785875816446150566e+01 2.862996766194650933e-01
4.847496343613420322e+01 2.870450056972376762e-01
4.909117299758054287e+01 2.663813373988976885e-01
4.970738684880097935e+01 2.390565739090283470e-01
5.032360498979505792e+01 2.487939373770307605e-01
5.093982742056323332e+01 2.499327863707460906e-01
5.155605414110505080e+01 2.295665369605306705e-01
5.217228515142051037e+01 1.977917359212653936e-01
5.278852045151006678e+01 1.995563698201339442e-01
5.340476004137326527e+01 1.995912081168876584e-01
5.402100392101010584e+01 1.986340369643300463e-01
5.463725209042058850e+01 1.621827401025295601e-01
5.525350454960516799e+01 1.553785115488556523e-01
5.586976129856384432e+01 1.574489614735629928e-01
5.648602233729525324e+01 1.743490263363963177e-01
5.710228766580166848e+01 1.456674373515715881e-01
5.771855728408172581e+01 1.333511859855165960e-01
5.833483119213451573e+01 1.428242784775062002e-01
5.895110938996185723e+01 1.540589236067332890e-01
5.956739187756284082e+01 1.400030814230072418e-01
6.018352819377514606e+01 1.353365638522542325e-01
6.079981925987658542e+01 1.447133518711768985e-01
6.141611461575166686e+01 1.494870789928969268e-01
6.203241426140084513e+01 1.494762044186570826e-01
6.264871819682321075e+01 1.544664089147944064e-01
6.326502642201967319e+01 1.549851371688747703e-01
6.388133893698977772e+01 1.523236142702495965e-01
6.449765574173397908e+01 1.658998921318968756e-01
6.511397683625182253e+01 1.714921101990324881e-01
6.573030222054330807e+01 1.666143393556100971e-01
6.634663189460889043e+01 1.541521567412359739e-01
6.696296585844766014e+01 1.724915428327780664e-01
6.757930411206098142e+01 1.797304845207516322e-01
6.819564665544794480e+01 1.719627333290732474e-01
6.881199348860855025e+01 1.583896792648344654e-01
6.942834461154279779e+01 1.730454584350857861e-01
7.004470002425068742e+01 1.786253561745525520e-01
7.066105972673312863e+01 1.725112488564859714e-01
7.127742371898830243e+01 1.509150274237835987e-01
7.189379200101802780e+01 1.593712922218155081e-01
7.251016457282185002e+01 1.695963371054886315e-01
7.312654143439840482e+01 1.599295612573262693e-01
7.374292258574951120e+01 1.383029700888836477e-01
7.435930802687380492e+01 1.421526140742364330e-01
7.497569775777265022e+01 1.476645023489974451e-01
7.559209177844468286e+01 1.372556689087660875e-01
7.620849008889081233e+01 1.191651627573191846e-01
7.682489268911058389e+01 1.172747761110390918e-01
7.744129957910399753e+01 1.205922418566612864e-01
7.805771075887150801e+01 1.223839853559899327e-01
7.867412622841311531e+01 1.037380072919454749e-01
7.929054598772790996e+01 9.752482267320636278e-02
7.990697003681680144e+01 1.047062043114820873e-01
8.052339837567888026e+01 1.040531379662888029e-01
8.113983100431551065e+01 9.407365410241276538e-02
8.175626792272532839e+01 9.044036821045123298e-02
8.237270913090969771e+01 9.383646038823638402e-02
8.298915462886725436e+01 8.974824629368781392e-02
8.360560441659890785e+01 9.087131263306004458e-02
8.422205849410420342e+01 9.079992315518545243e-02
8.483851686138268633e+01 8.630536787772201401e-02
8.545497951843617557e+01 8.612227850606289647e-02
8.607144646526285214e+01 9.109989045988400869e-02
8.668791770186317081e+01 9.607592637653762646e-02
8.730439322823758630e+01 8.571177702326412962e-02
8.792087304438564388e+01 8.162546138809238794e-02
8.853735715030734355e+01 9.523959685361374494e-02
8.915384554600314004e+01 1.009432590486731285e-01
8.977033823147212388e+01 8.758143490186288960e-02
9.038683520671565930e+01 8.511803148485391768e-02
9.100333647173238205e+01 9.869518774120335236e-02
9.161984202652320164e+01 1.039169534016687046e-01
9.223635187108720856e+01 9.107278765189680270e-02
9.285286600542622182e+01 9.147578453008109456e-02
9.346938442953842241e+01 1.082956516344069364e-01
9.408590714342426509e+01 1.153261974652744076e-01
9.470243414708374985e+01 9.814501007155029821e-02
9.531896544051733144e+01 9.936642608083648409e-02
9.593550102372455513e+01 1.247706582250352192e-01
9.655204089670587564e+01 1.279636470615360955e-01
9.716858505946038349e+01 1.143255615524782498e-01
9.778513351198944292e+01 1.232174201148426712e-01
9.840168625429168969e+01 1.509696903578179317e-01
9.901824328636848804e+01 1.439175648255986983e-01
9.963480460821756424e+01 1.319058753122360761e-01
1.002513702198416468e+02 1.482730276307334671e-01
1.008679401212398261e+02 1.670894349475339213e-01
1.014845143124107381e+02 1.625122334987251782e-01
1.021010927933562016e+02 1.560946093748731833e-01
1.027176755640748524e+02 1.734496212455596542e-01
1.033342626245680549e+02 1.874226493656447612e-01
1.039508539748344447e+02 1.761135186913401762e-01
1.045674496148749313e+02 1.727426259075657000e-01
1.051840495446890600e+02 1.897519473905554255e-01
