-2.240970769264640694e+01 2.165997346948037028e-01
-2.179419736327963619e+01 2.396394054295196974e-01
-2.117868274413967811e+01 2.283603144134689622e-01
-2.056316383522607794e+01 2.294444086748057554e-01
-1.994764063653792618e+01 2.587463684136031561e-01
-1.933211314807658709e+01 2.807284112257282804e-01
-1.871658136984115117e+01 2.641285309316504515e-01
-1.810104530183252791e+01 2.907634089355157769e-01
-1.748550494404935307e+01 3.458434521232521264e-01
-1.686996029649299089e+01 3.642663936801704416e-01
-1.625441135916253188e+01 3.565093009946279645e-01
-1.563885813205797604e+01 4.222802029279331681e-01
-1.502330061518023285e+01 4.883237185288691329e-01
-1.440773880852839284e+01 4.835312805368695566e-01
-1.379217271210336548e+01 5.053124914565331194e-01
-1.317660232590378655e+01 5.990492590306004672e-01
-1.256102764993102028e+01 6.527277145818125570e-01
-1.194544868418415717e+01 6.292888796919754446e-01
-1.132986542866274249e+01 6.812507876460116574e-01
-1.071427788336859521e+01 7.816615494265762853e-01
-1.009868604830035110e+01 7.970039537487765280e-01
-9.483089923458464909e+00 7.668007904427592836e-01
-8.867489508842481882e+00 8.269101450983313839e-01
-8.251884804452856770e+00 9.139180539110671742e-01
-7.636275810289134824e+00 9.060457018330593248e-01
-7.020662526351770794e+00 8.819647824095380173e-01
-6.405044952641219425e+00 9.224305420593472693e-01
-5.789423089156116475e+00 9.833645919569768967e-01
-5.173796935897826188e+00 9.727234399832778156e-01
-4.558166492865439068e+00 9.513794521386161884e-01
-3.942531760058955115e+00 9.749223336336343415e-01
-3.326892737479283824e+00 9.972362392158742317e-01
-2.711249425125515700e+00 1.000000000000000000e+00
-2.095601822998105490e+00 9.914268377467654325e-01
-1.479949931096598448e+00 9.758961134804419180e-01
-8.642937494209945726e-01 9.644215544949011898e-01
-2.486332779722033592e-01 9.958909644966210672e-01
3.670314832502299396e-01 9.796769340297781792e-01
9.827005342463053239e-01 9.384139268417178714e-01
1.598373875016932288e+00 9.045886681880138669e-01
2.214051505561656086e+00 9.495551705734648351e-01
2.829733425878657727e+00 9.249568553826400530e-01
3.445419635970665695e+00 8.595869793394471658e-01
4.061110135835861001e+00 7.959735170373268831e-01
4.676804925475607888e+00 8.432777853737207785e-01
5.292504004888087366e+00 8.049802638546695865e-01
5.908207374075118423e+00 7.332876365174929578e-01
6.523915033035791566e+00 6.468130814419681407e-01
7.139626981769652048e+00 6.792633038017441560e-01
7.755343220278518857e+00 6.329169602998007127e-01
8.371063748560118256e+00 5.717464927168363076e-01
8.986788566615814489e+00 4.766470618599502607e-01
9.602517674445607554e+00 4.839988924267374371e-01
1.021825107204858796e+01 4.406389764227224282e-01
1.083398875942566519e+01 4.190043672084485804e-01
1.144973073657638452e+01 3.346034533290876412e-01
1.206547700350120067e+01 3.292386293636292427e-01
1.268122756019965891e+01 3.028854417163799884e-01
1.329698240667221398e+01 3.077641168641089275e-01
1.391274154291841114e+01 2.629608260677395171e-01
1.452850496893825039e+01 2.524705810044209908e-01
1.514427268473218646e+01 2.506817968142730502e-01
1.576004469029885513e+01 2.577659328892142332e-01
1.637582098564053013e+01 2.498601571596649473e-01
1.699145123317521211e+01 2.441094892214516476e-01
1.760723610701643338e+01 2.427126534010109471e-01
1.822302527063220623e+01 2.440002977286611086e-01
1.883881872402071167e+01 2.549526768549384426e-01
1.945461646718376869e+01 2.556850132397488484e-01
2.007041850012092254e+01 2.450801654386493555e-01
2.068622482283080899e+01 2.413197893796006077e-01
2.130203543531524701e+01 2.635498036065328509e-01
2.191785033757287238e+01 2.660506093485979218e-01
2.253366952960504932e+01 2.452545889222502162e-01
2.314949301140995885e+01 2.335238451968753848e-01
2.376532078298987471e+01 2.694918961153606185e-01
2.438115284434343266e+01 2.716249034365847970e-01
2.499698919546972320e+01 2.407479343731241672e-01
2.561282983637102006e+01 2.259923460391815853e-01
2.622867476704504952e+01 2.650486266918092859e-01
2.684452398749363056e+01 2.659747795024730022e-01
2.746037749771585368e+01 2.337913340885823810e-01
2.807623529771126414e+01 2.060178781972088757e-01
2.869209738748168093e+01 2.430749282905370900e-01
2.930796376702483030e+01 2.393355949294347362e-01
2.992383443634207651e+01 2.018490886140056062e-01
3.053970939543341956e+01 1.753007559720330122e-01
3.115558864429794994e+01 1.940995630019332896e-01
3.177147218293657716e+01 1.855259730215476077e-01
3.238736001134884646e+01 1.540504500812797384e-01
3.300325212953521259e+01 1.343577282640494863e-01
3.361914853749476606e+01 1.474033271558944369e-01
3.423504923522887111e+01 1.258032038679854914e-01
3.485095422273661825e+01 1.054441569603048745e-01
3.546686350001800747e+01 9.495908177717791998e-02
3.608277706707349353e+01 1.025871380816826828e-01
3.669869492390216692e+01 7.699064501832589280e-02
3.731461707050493715e+01 6.434785178195355504e-02
3.793054350688180421e+01 6.272073256886992465e-02
3.854647423303140386e+01 6.992182560650490875e-02
3.916240924895600983e+01 5.515361203754190478e-02
3.977834855465380315e+01 4.545139141939861377e-02
4.039429215012569330e+01 4.742959258450691468e-02
4.101024003537122553e+01 5.651824231894607420e-02
4.162619221039039985e+01 4.822302709735798443e-02
4.224214867518321626e+01 3.787424452589950585e-02
4.285810942974967475e+01 3.990026713754413201e-02
4.347407447409113956e+01 4.964169588446742248e-02
4.409004380820488223e+01 5.078160553822221035e-02
4.470601743209317647e+01 4.055124103752204973e-02
4.532199534575556754e+01 4.072661153357005903e-02
4.593797754919114595e+01 5.027761195581791770e-02
4.655396404240082120e+01 5.379915176159976581e-02
4.716995482538368378e+01 4.732420830908418835e-02
4.778594989814109795e+01 4.836185085886412355e-02
4.840194926067260894e+01 5.243211832752429913e-02
4.901795291297685253e+01 6.295056229694677430e-02
4.963396085505564770e+01 5.617249845822409882e-02
5.024997308690808495e+01 5.774036095519025774e-02
5.086598960853370954e+01 5.795530999177642834e-02
5.148201041993388571e+01 6.663054303156290548e-02
5.209803552110770397e+01 6.663001623488362668e-02
5.271406491205516431e+01 6.807326612679039102e-02
5.333009859277626674e+01 6.307861130314708353e-02
5.394613656327146600e+01 6.875375821885366945e-02
5.456217882353985260e+01 7.623177447006014573e-02
5.517822537358279078e+01 7.561399510195193630e-02
5.579427621339937104e+01 6.675343796028948562e-02
5.641033134298913865e+01 7.141262553887103848e-02
5.702639076235391258e+01 8.037112794186823672e-02
5.764245447149141910e+01 8.188250322889444044e-02
5.825852247040302245e+01 7.062653616271724610e-02
5.887459475908826789e+01 7.263929222016395071e-02
5.949067133754715542e+01 8.149806066369673363e-02
6.010675220578013978e+01 8.062881351761466697e-02
6.072283736378676622e+01 7.207832037395817126e-02
6.133892681156748949e+01 6.977956846063940177e-02
6.195502054912140011e+01 7.807417418723509861e-02
6.257111857644986230e+01 7.791097205534064374e-02
6.318722089355196658e+01 7.289221614615136458e-02
6.380332750042725820e+01 7.021099025330962418e-02
6.441943839707710140e+01 7.233863635331889974e-02
6.503555358350013194e+01 7.064607895807356597e-02
6.565167305969725930e+01 7.286082900865506473e-02
6.626779682566848351e+01 7.071630886635239810e-02
6.688392488141289505e+01 6.816393898403672047e-02
6.750005722693140342e+01 6.584784444558851313e-02
6.811619386222355388e+01 7.164580491827508835e-02
6.873233478728934642e+01 7.362396375817605032e-02
6.934848000212969055e+01 6.704884862061644135e-02
6.996462950674276726e+01 6.440330544525678380e-02
7.058078330112994081e+01 7.198869039415488336e-02
7.119694138529121119e+01 8.061007373438255907e-02
7.181310375922612366e+01 6.949389799275729196e-02
7.242927042293467821e+01 6.658988740928827033e-02
7.304544137641732959e+01 8.062477488546339333e-02
7.366161661967407781e+01 9.189590835924496548e-02
7.427779615270401337e+01 8.657834265234169713e-02
7.489397997550804575e+01 8.196842310664638476e-02
7.551016808808526548e+01 9.881733792668073724e-02
7.612636049043703679e+01 1.148081034170595066e-01
7.674255718256245018e+01 1.126294108001104632e-01
7.735875816446150566e+01 1.064703746669752732e-01
7.797496343613420322e+01 1.262391736138640808e-01
7.859117299758054287e+01 1.478086437855981317e-01
7.920738684880097935e+01 1.465376636605435490e-01
7.982360498979505792e+01 1.458196594050985007e-01
8.043982742056323332e+01 1.627893949920906913e-01
8.105605414110505080e+01 1.785622910328521773e-01
8.167228515142051037e+01 1.770962460278404649e-01
8.228852045151006678e+01 1.806665448481135361e-01
8.290476004137326527e+01 1.933100880233837859e-01
8.352100392101010584e+01 2.026345217121470477e-01
8.413725209042058850e+01 2.011385291337280390e-01
8.475350454960516799e+01 2.052463488410637138e-01
8.536976129856384432e+01 2.152605326033689981e-01
8.598602233729525324e+01 2.180072705582719872e-01
8.660228766580166848e+01 2.145262798428687057e-01
8.721855728408172581e+01 2.223530872897966637e-01
8.783483119213451573e+01 2.254757255879761835e-01
8.845110938996185723e+01 2.217153661050682845e-01
8.906739187756284082e+01 2.192202114174803818e-01
8.968352819377514606e+01 2.270363879433543730e-01
9.029981925987658542e+01 2.236668135609264363e-01
9.091611461575166686e+01 2.199099339948394349e-01
9.153241426140084513e+01 2.147194099824301095e-01
9.214871819682321075e+01 2.202774722368396332e-01
9.276502642201967319e+01 2.101553657985529289e-01
9.338133893698977772e+01 2.045180518089587951e-01
9.399765574173397908e+01 2.024777096076128546e-01
9.461397683625182253e+01 2.026701462850988289e-01
9.523030222054330807e+01 1.857839743108793684e-01
9.584663189460889043e+01 1.826570835993037711e-01
9.646296585844766014e+01 1.801579421118601199e-01
9.707930411206098142e+01 1.675293260674677875e-01
9.769564665544794480e+01 1.455549601421124162e-01
9.831199348860855025e+01 1.486706079304786765e-01
9.892834461154279779e+01 1.448132354363502461e-01
9.954470002425068742e+01 1.207793002540999278e-01
1.001610597267331286e+02 9.761935067041556391e-02
1.007774237189883024e+02 1.092148235559485259e-01
1.013937920010180278e+02 1.038878138330525253e-01
1.020101645728218500e+02 7.895336165289425223e-02
1.026265414343984048e+02 5.733278332249291953e-02
1.032429225857495112e+02 6.721889788669330179e-02
1.038593080268738049e+02 6.466234424214875598e-02
1.044756977577726502e+02 4.270090051676062731e-02
1.050920917784446829e+02 3.086640972275891612e-02
1.057084900888908123e+02 3.571246764025282072e-02
1.063248926891105839e+02 3.806510869298155436e-02
1.069412995791039975e+02 2.615273630657510145e-02
1.075577107588715080e+02 1.784847795191697034e-02
1.081741262284131153e+02 1.780412662637932686e-02
1.087905459877279100e+02 2.333944628018106565e-02
1.094069700368168014e+02 2.502466020955627576e-02
1.100233983756788803e+02 1.576333952038133993e-02
1.106398310043155107e+02 1.053706056446834967e-02
1.112562679227253284e+02 1.907043192612668456e-02
1.118727091309096977e+02 2.996102118168201406e-02
1.124891546288672544e+02 1.681304891019481593e-02
1.131056044165989078e+02 1.050319678809701757e-02
1.137220584941042034e+02 2.200631260182389637e-02
1.143385168613826863e+02 3.568100731451583768e-02
1.149549795184361756e+02 2.392721106761318273e-02
1.155714464652628521e+02 1.646570387306169059e-02
1.161879177018631708e+02 2.830951379130950893e-02
1.168043932282375863e+02 4.793284431648021926e-02
1.174208730443856439e+02 3.597712525900757102e-02
1.180373571503073435e+02 2.846757432430709056e-02
1.186538455460031400e+02 3.625358566805822469e-02
1.192703382314721239e+02 5.672889951959435295e-02
1.198868352067156593e+02 5.198205091250315130e-02
1.205033364717323821e+02 4.141771178364207773e-02
1.211198420265232016e+02 4.875592911591303952e-02
1.217363518710872086e+02 6.387788571069481780e-02
1.223528660054262218e+02 6.041267411912823460e-02
1.229693844295384224e+02 5.731699130095403716e-02
1.235859071434242651e+02 6.229744600993369213e-02
1.242024341470837498e+02 6.984010301998316850e-02
1.248189654405173314e+02 7.068956217433866596e-02
1.254355010237245551e+02 7.278508388440245447e-02
1.260520408967058756e+02 7.569397426963599129e-02
1.266685850594603835e+02 7.541092189084165620e-02
1.272851335119894429e+02 8.047542339820230872e-02
1.279016862542916897e+02 8.612496914830218564e-02
1.285182432863684880e+02 8.670832724003309233e-02
1.291348046082175642e+02 8.486345740492774736e-02
1.297513702198416468e+02 8.756228867762899659e-02
1.303679401212398261e+02 9.333865049017388282e-02
1.309845143124107381e+02 9.599196576177737583e-02
1.316010927933562016e+02 9.112977697983068448e-02
1.322176755640748524e+02 9.145256488214993651e-02
1.328342626245680549e+02 9.560971554552291640e-02
1.334508539748344447e+02 9.699116744245223076e-02
1.340674496148749313e+02 9.364964713609193192e-02
1.346840495446890600e+02 8.827470772968193380e-02
-2.240970769264640694e+01 2.150018734965528644e-01
-2.179419736327963619e+01 2.309719186775151534e-01
-2.117868274413967811e+01 2.224840204447771363e-01
-2.056316383522607794e+01 2.248353156833534650e-01
-1.994764063653792618e+01 2.412039246577520613e-01
-1.933211314807658709e+01 2.524744449302959159e-01
-1.871658136984115117e+01 2.500755275570561986e-01
-1.810104530183252791e+01 2.816292460595134495e-01
-1.748550494404935307e+01 3.156203275757479276e-01
-1.686996029649299089e+01 3.260737849775757757e-01
-1.625441135916253188e+01 3.344098175792658001e-01
-1.563885813205797604e+01 4.126488550667813393e-01
-1.502330061518023285e+01 4.333925010597297067e-01
-1.440773880852839284e+01 4.427246917327345987e-01
-1.379217271210336548e+01 4.825653628902314418e-01
-1.317660232590378655e+01 5.912584115835541887e-01
-1.256102764993102028e+01 5.921267115378915369e-01
-1.194544868418415717e+01 5.950312338289852621e-01
-1.132986542866274249e+01 6.696824237293151905e-01
-1.071427788336859521e+01 7.675454331872592073e-01
-1.009868604830035110e+01 7.443171530039278672e-01
-9.483089923458464909e+00 7.420813809358469681e-01
-8.867489508842481882e+00 8.205731366007545935e-01
-8.251884804452856770e+00 8.970160522349791554e-01
-7.636275810289134824e+00 8.631336543057454014e-01
-7.020662526351770794e+00 8.622689960800048459e-01
-6.405044952641219425e+00 9.190628247906438286e-01
-5.789423089156116475e+00 9.708732316348211988e-01
-5.173796935897826188e+00 9.516108186584187889e-01
-4.558166492865439068e+00 9.461998407342198103e-01
-3.942531760058955115e+00 9.663537615355429766e-01
-3.326892737479283824e+00 9.901738794470762439e-01
-2.711249425125515700e+00 9.991591335508328564e-01
-2.095601822998105490e+00 9.794626982510545865e-01
-1.479949931096598448e+00 9.661650852173765402e-01
-8.642937494209945726e-01 9.711683600902306646e-01
-2.486332779722033592e-01 1.000000000000000000e+00
3.670314832502299396e-01 9.713475058983881416e-01
9.827005342463053239e-01 9.273579335660302458e-01
1.598373875016932288e+00 9.245695596122168736e-01
2.214051505561656086e+00 9.675332753341414627e-01
2.829733425878657727e+00 9.207736581117828001e-01
3.445419635970665695e+00 8.442166615061447166e-01
4.061110135835861001e+00 8.284662991450238989e-01
4.676804925475607888e+00 8.648810167934767312e-01
5.292504004888087366e+00 8.047840292343227953e-01
5.908207374075118423e+00 7.209445046461281370e-01
6.523915033035791566e+00 6.867859222089952587e-01
7.139626981769652048e+00 6.925450917545026286e-01
7.755343220278518857e+00 6.356803865943227994e-01
8.371063748560118256e+00 5.663210940415013273e-01
8.986788566615814489e+00 5.137761810910560500e-01
9.602517674445607554e+00 4.958352556334987837e-01
1.021825107204858796e+01 4.455251584096361350e-01
1.083398875942566519e+01 4.166619872362655186e-01
1.144973073657638452e+01 3.555759462004500771e-01
1.206547700350120067e+01 3.329900701615475245e-01
1.268122756019965891e+01 3.032068368350362975e-01
1.329698240667221398e+01 3.093818492083335037e-01
1.391274154291841114e+01 2.670934290440175607e-01
1.452850496893825039e+01 2.480035962444655517e-01
1.514427268473218646e+01 2.438147763102707366e-01
1.576004469029885513e+01 2.567115652516008817e-01
1.637582098564053013e+01 2.450929357932316588e-01
1.699145123317521211e+01 2.356103851598657373e-01
1.760723610701643338e+01 2.315253311616423948e-01
1.822302527063220623e+01 2.384608537074221768e-01
1.883881872402071167e+01 2.498399238549665058e-01
1.945461646718376869e+01 2.456829057382105275e-01
2.007041850012092254e+01 2.336153387398696712e-01
2.068622482283080899e+01 2.363066407697581583e-01
2.130203543531524701e+01 2.604661133301292564e-01
2.191785033757287238e+01 2.584971377783719104e-01
2.253366952960504932e+01 2.366776382613805241e-01
2.314949301140995885e+01 2.307672079039414792e-01
2.376532078298987471e+01 2.677328813493188853e-01
2.438115284434343266e+01 2.665233215599428496e-01
2.499698919546972320e+01 2.355934098918500696e-01
2.561282983637102006e+01 2.248773022164548274e-01
2.622867476704504952e+01 2.702208342177059852e-01
2.684452398749363056e+01 2.644615315684021861e-01
2.746037749771585368e+01 2.286899317063670334e-01
2.807623529771126414e+01 2.044529798355724792e-01
2.869209738748168093e+01 2.490654870563215328e-01
2.930796376702483030e+01 2.410717597264400158e-01
2.992383443634207651e+01 2.030124726729546636e-01
3.053970939543341956e+01 1.763984114877757414e-01
3.115558864429794994e+01 2.036748660146759093e-01
3.177147218293657716e+01 1.917712581864734755e-01
3.238736001134884646e+01 1.596634656639343841e-01
3.300325212953521259e+01 1.356026585670618290e-01
3.361914853749476606e+01 1.514558427672739183e-01
3.423504923522887111e+01 1.325029374002693605e-01
3.485095422273661825e+01 1.113896709604513258e-01
3.546686350001800747e+01 9.499265235598097767e-02
3.608277706707349353e+01 1.005048959579393497e-01
3.669869492390216692e+01 7.527778770350808391e-02
3.731461707050493715e+01 6.643150417465670809e-02
3.793054350688180421e+01 6.257081150856728946e-02
3.854647423303140386e+01 6.709414303618839448e-02
3.916240924895600983e+01 5.079161493091532281e-02
3.977834855465380315e+01 4.293944341615702626e-02
4.039429215012569330e+01 4.280429799056288676e-02
4.101024003537122553e+01 5.039301200969563410e-02
4.162619221039039985e+01 4.154455083079749284e-02
4.224214867518321626e+01 3.289239228293620865e-02
4.285810942974967475e+01 3.635427908302479860e-02
4.347407447409113956e+01 4.633243250758524445e-02
4.409004380820488223e+01 4.170893130695916412e-02
4.470601743209317647e+01 3.267573498384098579e-02
4.532199534575556754e+01 3.678174718738711629e-02
4.593797754919114595e+01 4.534532613091812187e-02
4.655396404240082120e+01 4.617002798646723666e-02
4.716995482538368378e+01 4.218584920878545863e-02
4.778594989814109795e+01 4.607914886031068413e-02
4.840194926067260894e+01 4.922388627057444621e-02
4.901795291297685253e+01 5.656059976307720172e-02
4.963396085505564770e+01 5.294938516947165358e-02
5.024997308690808495e+01 5.599502254024151665e-02
5.086598960853370954e+01 5.702328938395765517e-02
5.148201041993388571e+01 6.181060583126997410e-02
5.209803552110770397e+01 6.451845571041897598e-02
5.271406491205516431e+01 6.768156410436854120e-02
5.333009859277626674e+01 6.356835313888871408e-02
5.394613656327146600e+01 6.816413859600983782e-02
5.456217882353985260e+01 7.572414733453679270e-02
5.517822537358279078e+01 7.578351166031135899e-02
5.579427621339937104e+01 6.655211071388882071e-02
5.641033134298913865e+01 7.401874277995024176e-02
5.702639076235391258e+01 8.292223092895609216e-02
5.764245447149141910e+01 8.274109488991768235e-02
5.825852247040302245e+01 6.968680513512380548e-02
5.887459475908826789e+01 7.542758281429928768e-02
5.949067133754715542e+01 8.209889461162411806e-02
6.010675220578013978e+01 8.209833160085147630e-02
6.072283736378676622e+01 7.288032162167454309e-02
6.133892681156748949e+01 7.170665875562584612e-02
6.195502054912140011e+01 7.893151925855335094e-02
6.257111857644986230e+01 7.950087830800992017e-02
6.318722089355196658e+01 7.230432211207263316e-02
6.380332750042725820e+01 7.035944753583707467e-02
6.441943839707710140e+01 7.159278653646246326e-02
6.503555358350013194e+01 7.098586600840868510e-02
6.565167305969725930e+01 7.122654734933708820e-02
6.626779682566848351e+01 6.910041944983286166e-02
6.688392488141289505e+01 6.730590789848586719e-02
6.750005722693140342e+01 6.720752013127090363e-02
6.811619386222355388e+01 7.257784730498552384e-02
6.873233478728934642e+01 7.063611984273870936e-02
6.934848000212969055e+01 6.518740601409374336e-02
6.996462950674276726e+01 6.330400258763491106e-02
7.058078330112994081e+01 7.281467877250248633e-02
7.119694138529121119e+01 7.693310982018358724e-02
7.181310375922612366e+01 6.690227541865594041e-02
7.242927042293467821e+01 6.679954611553884369e-02
7.304544137641732959e+01 8.114190196992357440e-02
7.366161661967407781e+01 8.974600779827600350e-02
7.427779615270401337e+01 8.358963480594276685e-02
7.489397997550804575e+01 8.157041202157973292e-02
7.551016808808526548e+01 1.014694334299747897e-01
7.612636049043703679e+01 1.157993303828575987e-01
7.674255718256245018e+01 1.103012450669549199e-01
7.735875816446150566e+01 1.054674037699593891e-01
7.797496343613420322e+01 1.298135754239495288e-01
7.859117299758054287e+01 1.483245581115429368e-01
7.920738684880097935e+01 1.461069762454838827e-01
7.982360498979505792e+01 1.483602628166262871e-01
8.043982742056323332e+01 1.677618323119689503e-01
8.105605414110505080e+01 1.817512546784994798e-01
8.167228515142051037e+01 1.807878993258273115e-01
8.228852045151006678e+01 1.857277295852119980e-01
8.290476004137326527e+01 2.011739931756454935e-01
8.352100392101010584e+01 2.084986886755716418e-01
8.413725209042058850e+01 2.053592277653649711e-01
8.475350454960516799e+01 2.137125726498757539e-01
8.536976129856384432e+01 2.230183483226111096e-01
8.598602233729525324e+01 2.232837955990253920e-01
8.660228766580166848e+01 2.212207815216353235e-01
8.721855728408172581e+01 2.289851007093160196e-01
8.783483119213451573e+01 2.319272709258207721e-01
8.845110938996185723e+01 2.289804585559742645e-01
8.906739187756284082e+01 2.262300792109226966e-01
8.968352819377514606e+01 2.330474451283622850e-01
9.029981925987658542e+01 2.311817601973627512e-01
9.091611461575166686e+01 2.254742278073895989e-01
9.153241426140084513e+01 2.231546188521727758e-01
9.214871819682321075e+01 2.243452814396030004e-01
9.276502642201967319e+01 2.149996107929284250e-01
9.338133893698977772e+01 2.128489395533100237e-01
9.399765574173397908e+01 2.084969325584301592e-01
9.461397683625182253e+01 2.082553325979095704e-01
9.523030222054330807e+01 1.921069234180923790e-01
9.584663189460889043e+01 1.929333259559727620e-01
9.646296585844766014e+01 1.892994193332599995e-01
9.707930411206098142e+01 1.724380602475693580e-01
9.769564665544794480e+01 1.536043324381368980e-01
9.831199348860855025e+01 1.594794537898211184e-01
9.892834461154279779e+01 1.528848474407245583e-01
9.954470002425068742e+01 1.282553908080751037e-01
1.001610597267331286e+02 1.103177738326246576e-01
1.007774237189883024e+02 1.220414821571367825e-01
1.013937920010180278e+02 1.131617018891897392e-01
1.020101645728218500e+02 8.362138307499743239e-02
1.026265414343984048e+02 6.908338458163280904e-02
1.032429225857495112e+02 7.810988274179102298e-02
1.038593080268738049e+02 7.535933933481103741e-02
1.044756977577726502e+02 5.008345299851944127e-02
1.050920917784446829e+02 4.045801909376896960e-02
1.057084900888908123e+02 4.789688327723035099e-02
1.063248926891105839e+02 4.805734923364545635e-02
1.069412995791039975e+02 3.392766851817300561e-02
1.075577107588715080e+02 2.629871404710961910e-02
1.081741262284131153e+02 2.714507902821115121e-02
1.087905459877279100e+02 3.317978939423821966e-02
1.094069700368168014e+02 3.261401414822834299e-02
1.100233983756788803e+02 2.104184324914406060e-02
1.106398310043155107e+02 1.789854736345404193e-02
1.112562679227253284e+02 2.868456776589649315e-02
1.118727091309096977e+02 3.489792391544895706e-02
1.124891546288672544e+02 2.286936156222386246e-02
1.131056044165989078e+02 1.651611892355986030e-02
1.137220584941042034e+02 2.966653141973492683e-02
1.143385168613826863e+02 4.126633477493404228e-02
1.149549795184361756e+02 2.941901601493664836e-02
1.155714464652628521e+02 2.205261702958665262e-02
1.161879177018631708e+02 3.636542990985568852e-02
1.168043932282375863e+02 5.283516175843611107e-02
1.174208730443856439e+02 3.913110634287149392e-02
1.180373571503073435e+02 3.611787639975259923e-02
1.186538455460031400e+02 4.403433957718750485e-02
1.192703382314721239e+02 6.143918066491151769e-02
1.198868352067156593e+02 5.527567623476854763e-02
1.205033364717323821e+02 5.032735123530467092e-02
1.211198420265232016e+02 5.611760307587080471e-02
1.217363518710872086e+02 7.017299315507409541e-02
1.223528660054262218e+02 6.750445149535203027e-02
1.229693844295384224e+02 6.605950104086143193e-02
1.235859071434242651e+02 6.922322964383173516e-02
1.242024341470837498e+02 7.687699299941075370e-02
1.248189654405173314e+02 8.070630385099161752e-02
1.254355010237245551e+02 8.188710093089220099e-02
1.260520408967058756e+02 8.152475148243322478e-02
1.266685850594603835e+02 8.418301868309489844e-02
1.272851335119894429e+02 8.855425468468659800e-02
1.279016862542916897e+02 9.397619215974263585e-02
1.285182432863684880e+02 9.336286686191618001e-02
1.291348046082175642e+02 9.214868312133367434e-02
1.297513702198416468e+02 9.563945718829648668e-02
1.303679401212398261e+02 1.015573255859281293e-01
1.309845143124107381e+02 1.015067760501427163e-01
1.316010927933562016e+02 9.623240660325683982e-02
1.322176755640748524e+02 9.888782597583502254e-02
1.328342626245680549e+02 1.022798509696688785e-01
1.334508539748344447e+02 1.040414894213013280e-01
1.340674496148749313e+02 9.980134491287015464e-02
1.346840495446890600e+02 9.660881840001635246e-02
-2.240970769264640694e+01 2.105399055651148155e-01
-2.179419736327963619e+01 2.263001441388430290e-01
-2.117868274413967811e+01 2.206445338784812638e-01
-2.056316383522607794e+01 2.232300059992498031e-01
-1.994764063653792618e+01 2.308860261353804511e-01
-1.933211314807658709e+01 2.424780309783548526e-01
-1.871658136984115117e+01 2.422361173976227688e-01
-1.810104530183252791e+01 2.734000546827590195e-01
-1.748550494404935307e+01 2.962763111435517405e-01
-1.686996029649299089e+01 3.080329247716552254e-01
-1.625441135916253188e+01 3.207836365425873471e-01
-1.563885813205797604e+01 3.981841856790527823e-01
-1.502330061518023285e+01 4.070745252548278459e-01
-1.440773880852839284e+01 4.225043315579477543e-01
-1.379217271210336548e+01 4.719371417386253875e-01
-1.317660232590378655e+01 5.796968273622382650e-01
-1.256102764993102028e+01 5.593044324346768681e-01
-1.194544868418415717e+01 5.783277753942107635e-01
-1.132986542866274249e+01 6.596012038365306474e-01
-1.071427788336859521e+01 7.539471643346919993e-01
-1.009868604830035110e+01 7.162441954482031692e-01
-9.483089923458464909e+00 7.320831972451358194e-01
-8.867489508842481882e+00 8.186010754117514221e-01
-8.251884804452856770e+00 8.871607027863414041e-01
-7.636275810289134824e+00 8.453458691551161142e-01
-7.020662526351770794e+00 8.538760727652395799e-01
-6.405044952641219425e+00 9.124207823730776656e-01
-5.789423089156116475e+00 9.594713758536875803e-01
-5.173796935897826188e+00 9.386667824587812126e-01
-4.558166492865439068e+00 9.399739531793493974e-01
-3.942531760058955115e+00 9.594686685504237866e-01
-3.326892737479283824e+00 9.849319274835944826e-01
-2.711249425125515700e+00 9.952772862871089865e-01
-2.095601822998105490e+00 9.763295511363053736e-01
-1.479949931096598448e+00 9.602442170193314919e-01
-8.642937494209945726e-01 9.764862235452933525e-01
-2.486332779722033592e-01 1.000000000000000000e+00
3.670314832502299396e-01 9.691860662558163808e-01
9.827005342463053239e-01 9.192078833829724349e-01
1.598373875016932288e+00 9.383692094504448855e-01
2.214051505561656086e+00 9.672185596675456631e-01
2.829733425878657727e+00 9.189039076779491610e-01
3.445419635970665695e+00 8.383797857924462082e-01
4.061110135835861001e+00 8.485851278276593801e-01
4.676804925475607888e+00 8.671216287141962908e-01
5.292504004888087366e+00 8.088918667361265635e-01
5.908207374075118423e+00 7.173238799051231407e-01
6.523915033035791566e+00 7.099206648298258537e-01
7.139626981769652048e+00 6.996688532556950557e-01
7.755343220278518857e+00 6.432717361063737815e-01
8.371063748560118256e+00 5.702480070624480479e-01
8.986788566615814489e+00 5.352694115783627193e-01
9.602517674445607554e+00 4.999709219027381746e-01
1.021825107204858796e+01 4.521714137746981610e-01
1.083398875942566519e+01 4.207929928606839454e-01
1.144973073657638452e+01 3.683733114639139439e-01
1.206547700350120067e+01 3.326632535287043502e-01
1.268122756019965891e+01 3.046997996445999224e-01
1.329698240667221398e+01 3.134139424694986076e-01
1.391274154291841114e+01 2.691991841594084112e-01
1.452850496893825039e+01 2.441348253434650617e-01
1.514427268473218646e+01 2.388047032716744122e-01
1.576004469029885513e+01 2.540450778994683412e-01
1.637582098564053013e+01 2.407441566817361822e-01
1.699145123317521211e+01 2.305119531490612550e-01
1.760723610701643338e+01 2.250093875298554147e-01
1.822302527063220623e+01 2.388097700774546861e-01
1.883881872402071167e+01 2.453565312503677431e-01
1.945461646718376869e+01 2.391514788289096360e-01
2.007041850012092254e+01 2.281099228320255801e-01
2.068622482283080899e+01 2.342849310959463360e-01
2.130203543531524701e+01 2.559115550694467389e-01
2.191785033757287238e+01 2.526607444163501692e-01
2.253366952960504932e+01 2.322978831838886371e-01
2.314949301140995885e+01 2.313237112922840732e-01
2.376532078298987471e+01 2.672887605321584426e-01
2.438115284434343266e+01 2.610742014717417625e-01
2.499698919546972320e+01 2.311314913381406488e-01
2.561282983637102006e+01 2.236895981637917474e-01
2.622867476704504952e+01 2.708394342457329795e-01
2.684452398749363056e+01 2.652420035384144281e-01
2.746037749771585368e+01 2.253013511031427552e-01
2.807623529771126414e+01 2.050997371384987444e-01
2.869209738748168093e+01 2.538999487375812603e-01
2.930796376702483030e+01 2.440750271693982454e-01
2.992383443634207651e+01 2.033974475116412939e-01
3.053970939543341956e+01 1.773255694659524040e-01
3.115558864429794994e+01 2.086665302780620623e-01
3.177147218293657716e+01 1.970530565368349418e-01
3.238736001134884646e+01 1.606987556352167112e-01
3.300325212953521259e+01 1.372978557167569835e-01
3.361914853749476606e+01 1.561763728631495318e-01
3.423504923522887111e+01 1.379654682511670671e-01
3.485095422273661825e+01 1.135758540777068448e-01
3.546686350001800747e+01 9.358784030955090427e-02
3.608277706707349353e+01 1.002398079483737547e-01
3.669869492390216692e+01 7.889017280160509626e-02
3.731461707050493715e+01 6.674067000647586345e-02
3.793054350688180421e+01 6.108836691250829620e-02
3.854647423303140386e+01 6.478736089980459412e-02
3.916240924895600983e+01 4.657102837285928554e-02
3.977834855465380315e+01 4.097407969519018672e-02
4.039429215012569330e+01 4.131856105541008989e-02
4.101024003537122553e+01 4.694965869980272100e-02
4.162619221039039985e+01 3.389824986109871152e-02
4.224214867518321626e+01 3.011924161694866375e-02
4.285810942974967475e+01 3.084380997464548912e-02
4.347407447409113956e+01 4.074472858427041072e-02
4.409004380820488223e+01 3.418440414478685768e-02
4.470601743209317647e+01 2.802658810484558866e-02
4.532199534575556754e+01 3.223159001641674737e-02
4.593797754919114595e+01 4.049844306229846008e-02
4.655396404240082120e+01 3.906304900739226982e-02
4.716995482538368378e+01 3.529106755586678551e-02
4.778594989814109795e+01 4.361173316448477277e-02
4.840194926067260894e+01 4.412275084595051328e-02
4.901795291297685253e+01 5.099516180515894365e-02
4.963396085505564770e+01 4.936510447840458671e-02
5.024997308690808495e+01 5.505581168579054552e-02
5.086598960853370954e+01 5.335594248586626731e-02
5.148201041993388571e+01 5.968259546769343060e-02
5.209803552110770397e+01 6.243922179925964072e-02
5.271406491205516431e+01 6.767463060091150062e-02
5.333009859277626674e+01 6.334816816782275206e-02
5.394613656327146600e+01 6.970118977860186027e-02
5.456217882353985260e+01 7.618299891655186395e-02
5.517822537358279078e+01 7.579115288583701537e-02
5.579427621339937104e+01 6.626357339160718340e-02
5.641033134298913865e+01 7.379626436744332607e-02
5.702639076235391258e+01 8.406543685596536142e-02
5.764245447149141910e+01 8.384324711134290287e-02
5.825852247040302245e+01 6.824952197142253318e-02
5.887459475908826789e+01 7.558166359088605568e-02
5.949067133754715542e+01 8.379451181814366600e-02
6.010675220578013978e+01 8.160853429608472265e-02
6.072283736378676622e+01 7.012867826540132576e-02
6.133892681156748949e+01 7.319008440491749090e-02
6.195502054912140011e+01 7.900007729656029209e-02
6.257111857644986230e+01 7.800985266892324077e-02
6.318722089355196658e+01 6.971592115029268122e-02
6.380332750042725820e+01 6.936643168257126957e-02
6.441943839707710140e+01 7.237535223507154947e-02
6.503555358350013194e+01 7.112218539891584923e-02
6.565167305969725930e+01 7.079033293056356813e-02
6.626779682566848351e+01 6.585606300871899021e-02
6.688392488141289505e+01 6.532382596708589950e-02
6.750005722693140342e+01 6.621570622996131306e-02
6.811619386222355388e+01 7.212172739005139055e-02
6.873233478728934642e+01 6.812273196163989852e-02
6.934848000212969055e+01 6.206259142303689053e-02
6.996462950674276726e+01 6.337144907159855678e-02
7.058078330112994081e+01 7.209880606320363816e-02
7.119694138529121119e+01 7.381476009332446631e-02
7.181310375922612366e+01 6.529117827276602337e-02
7.242927042293467821e+01 6.537386013457634204e-02
7.304544137641732959e+01 8.192236533685315347e-02
7.366161661967407781e+01 8.740398214644833075e-02
7.427779615270401337e+01 8.112511041403107359e-02
7.489397997550804575e+01 8.127069240189585542e-02
7.551016808808526548e+01 1.014372146388490686e-01
7.612636049043703679e+01 1.126411852805779684e-01
7.674255718256245018e+01 1.074089449621291464e-01
7.735875816446150566e+01 1.076843486502827574e-01
7.797496343613420322e+01 1.320159988282645358e-01
7.859117299758054287e+01 1.487275595206292989e-01
7.920738684880097935e+01 1.468975053034048406e-01
7.982360498979505792e+01 1.507166631385775113e-01
8.043982742056323332e+01 1.723053753227509199e-01
8.105605414110505080e+01 1.861145890972630834e-01
8.167228515142051037e+01 1.829849207645337927e-01
8.228852045151006678e+01 1.912535813283822439e-01
8.290476004137326527e+01 2.083158936625801594e-01
8.352100392101010584e+01 2.137929841973750245e-01
8.413725209042058850e+01 2.122797686510558002e-01
8.475350454960516799e+01 2.216455498038027161e-01
8.536976129856384432e+01 2.293481628241703929e-01
8.598602233729525324e+01 2.301510271975864275e-01
8.660228766580166848e+01 2.301570255654010744e-01
8.721855728408172581e+01 2.387715708016124039e-01
8.783483119213451573e+01 2.396956447767600862e-01
8.845110938996185723e+01 2.350945819767311096e-01
8.906739187756284082e+01 2.340852645699858514e-01
8.968352819377514606e+01 2.423707730465138044e-01
9.029981925987658542e+01 2.391474370212203771e-01
9.091611461575166686e+01 2.341015442544186198e-01
9.153241426140084513e+01 2.324951961699035230e-01
9.214871819682321075e+01 2.338829709440065074e-01
9.276502642201967319e+01 2.233504154165971145e-01
9.338133893698977772e+01 2.229185637325366565e-01
9.399765574173397908e+01 2.191145918061039033e-01
9.461397683625182253e+01 2.143255218234774717e-01
9.523030222054330807e+01 2.012818400952429976e-01
9.584663189460889043e+01 2.046562597274900752e-01
9.646296585844766014e+01 1.985661448694812647e-01
9.707930411206098142e+01 1.785433881167002024e-01
9.769564665544794480e+01 1.633729170638293926e-01
9.831199348860855025e+01 1.712724825829371467e-01
9.892834461154279779e+01 1.622618033101752566e-01
9.954470002425068742e+01 1.344628377229784288e-01
1.001610597267331286e+02 1.212098269466858058e-01
1.007774237189883024e+02 1.341973935919382188e-01
1.013937920010180278e+02 1.210373444467493231e-01
1.020101645728218500e+02 8.830981319635571036e-02
1.026265414343984048e+02 7.954877760122971986e-02
1.032429225857495112e+02 8.984010686208079854e-02
1.038593080268738049e+02 8.422398348464951723e-02
1.044756977577726502e+02 5.657148201086462103e-02
1.050920917784446829e+02 4.825628506343603019e-02
1.057084900888908123e+02 5.740512617421725250e-02
1.063248926891105839e+02 5.558994267080061280e-02
1.069412995791039975e+02 3.953841882205598457e-02
1.075577107588715080e+02 3.494477553627879651e-02
1.081741262284131153e+02 3.545830899283188009e-02
1.087905459877279100e+02 4.187745557337025498e-02
1.094069700368168014e+02 3.790552273893926100e-02
1.100233983756788803e+02 2.781801905391190211e-02
1.106398310043155107e+02 2.599546456004670283e-02
1.112562679227253284e+02 3.681896974400912514e-02
1.118727091309096977e+02 4.064445850528853460e-02
1.124891546288672544e+02 2.962732747743603706e-02
1.131056044165989078e+02 2.536361093866989699e-02
1.137220584941042034e+02 3.797804993669876700e-02
1.143385168613826863e+02 4.672988117128377972e-02
1.149549795184361756e+02 3.536297371238034115e-02
1.155714464652628521e+02 3.068702281126179168e-02
1.161879177018631708e+02 4.476497262976205510e-02
1.168043932282375863e+02 5.814685627828782011e-02
1.174208730443856439e+02 4.585687149650186784e-02
1.180373571503073435e+02 4.224700945568035659e-02
1.186538455460031400e+02 4.934841153374329437e-02
1.192703382314721239e+02 6.809764945640058020e-02
1.198868352067156593e+02 6.040955069726185872e-02
1.205033364717323821e+02 5.568565421706224428e-02
1.211198420265232016e+02 6.040470885699085468e-02
1.217363518710872086e+02 7.626267858536996125e-02
1.223528660054262218e+02 7.294508345775807534e-02
1.229693844295384224e+02 7.282225939474545884e-02
1.235859071434242651e+02 7.412812542410091021e-02
1.242024341470837498e+02 8.155746021128509882e-02
1.248189654405173314e+02 8.813479949870757502e-02
1.254355010237245551e+02 8.725644451000516555e-02
1.260520408967058756e+02 8.695605798442498924e-02
1.266685850594603835e+02 8.849945141324018494e-02
1.272851335119894429e+02 9.429444583638305066e-02
1.279016862542916897e+02 9.941732655621615677e-02
1.285182432863684880e+02 9.673865002074397146e-02
1.291348046082175642e+02 9.717851356085346892e-02
1.297513702198416468e+02 1.016711794269961888e-01
1.303679401212398261e+02 1.071987577243385670e-01
1.309845143124107381e+02 1.076876145759551595e-01
1.316010927933562016e+02 1.014819372192411473e-01
1.322176755640748524e+02 1.053773954178798405e-01
1.328342626245680549e+02 1.060681630164239941e-01
1.334508539748344447e+02 1.090850930621345138e-01
1.340674496148749313e+02 1.049976372113224088e-01
1.346840495446890600e+02 1.013197101284202956e-01
-2.240970769264640694e+01 2.083857393347228470e-01
-2.179419736327963619e+01 2.214666880526259263e-01
-2.117868274413967811e+01 2.200088646275183135e-01
-2.056316383522607794e+01 2.189550700689404383e-01
-1.994764063653792618e+01 2.207938304645886418e-01
-1.933211314807658709e+01 2.319127823414247058e-01
-1.871658136984115117e+01 2.362918709701065378e-01
-1.810104530183252791e+01 2.620152321298630516e-01
-1.748550494404935307e+01 2.776806007537368504e-01
-1.686996029649299089e+01 2.899187605903365550e-01
-1.625441135916253188e+01 3.124103725507338947e-01
-1.563885813205797604e+01 3.801161922588529585e-01
-1.502330061518023285e+01 3.808329264462285701e-01
-1.440773880852839284e+01 4.049995946411024672e-01
-1.379217271210336548e+01 4.637210532139260377e-01
-1.317660232590378655e+01 5.633876224896865459e-01
-1.256102764993102028e+01 5.322052991967296531e-01
-1.194544868418415717e+01 5.636277007553280871e-01
-1.132986542866274249e+01 6.497803234273712425e-01
-1.071427788336859521e+01 7.366725131306214314e-01
-1.009868604830035110e+01 6.920463416566275949e-01
-9.483089923458464909e+00 7.224114157544625492e-01
-8.867489508842481882e+00 8.135267986997194445e-01
-8.251884804452856770e+00 8.728195829016031082e-01
-7.636275810289134824e+00 8.294340655674125040e-01
-7.020662526351770794e+00 8.438730491251619226e-01
-6.405044952641219425e+00 9.100443955658404915e-01
-5.789423089156116475e+00 9.536902039859861402e-01
-5.173796935897826188e+00 9.320826599183849037e-01
-4.558166492865439068e+00 9.374830472291870720e-01
-3.942531760058955115e+00 9.548759133684197042e-01
-3.326892737479283824e+00 9.820380359214891941e-01
-2.711249425125515700e+00 9.888790376589443598e-01
-2.095601822998105490e+00 9.719455240334909929e-01
-1.479949931096598448e+00 9.555943731759323212e-01
-8.642937494209945726e-01 9.788586727115766717e-01
-2.486332779722033592e-01 1.000000000000000000e+00
3.670314832502299396e-01 9.658859723555074384e-01
9.827005342463053239e-01 9.157569226943609308e-01
1.598373875016932288e+00 9.473544221153671341e-01
2.214051505561656086e+00 9.669842018161786124e-01
2.829733425878657727e+00 9.147862113853209021e-01
3.445419635970665695e+00 8.366318121480635916e-01
4.061110135835861001e+00 8.613507445359063208e-01
4.676804925475607888e+00 8.680439290032111455e-01
5.292504004888087366e+00 8.081627031335018030e-01
5.908207374075118423e+00 7.168839511062260472e-01
6.523915033035791566e+00 7.279273036871447555e-01
7.139626981769652048e+00 7.028131652374682847e-01
7.755343220278518857e+00 6.466181731531975840e-01
8.371063748560118256e+00 5.734935198471725615e-01
8.986788566615814489e+00 5.504333345316884119e-01
9.602517674445607554e+00 5.022095258309788868e-01
1.021825107204858796e+01 4.558696629465752714e-01
1.083398875942566519e+01 4.227083896506828031e-01
1.144973073657638452e+01 3.779936624455457195e-01
1.206547700350120067e+01 3.316923127555649331e-01
1.268122756019965891e+01 3.094925720245614298e-01
1.329698240667221398e+01 3.177181015585131552e-01
1.391274154291841114e+01 2.735959409930757702e-01
1.452850496893825039e+01 2.414793849411627780e-01
1.514427268473218646e+01 2.370367816621321844e-01
1.576004469029885513e+01 2.585673010094382551e-01
1.637582098564053013e+01 2.393687815852987566e-01
1.699145123317521211e+01 2.262908552861765121e-01
1.760723610701643338e+01 2.220251129108211929e-01
1.822302527063220623e+01 2.397112861770774039e-01
1.883881872402071167e+01 2.432559567152007829e-01
1.945461646718376869e+01 2.351598652119126220e-01
2.007041850012092254e+01 2.239795658730213135e-01
2.068622482283080899e+01 2.326316719822071333e-01
2.130203543531524701e+01 2.548650434702351419e-01
2.191785033757287238e+01 2.485620087754061569e-01
2.253366952960504932e+01 2.281336995880549057e-01
2.314949301140995885e+01 2.321351652046845515e-01
2.376532078298987471e+01 2.673629874451485255e-01
2.438115284434343266e+01 2.580730404302215564e-01
2.499698919546972320e+01 2.268850431715954685e-01
2.561282983637102006e+01 2.242961528792132564e-01
2.622867476704504952e+01 2.713944483215698367e-01
2.684452398749363056e+01 2.648565067959044450e-01
2.746037749771585368e+01 2.227350685393208463e-01
2.807623529771126414e+01 2.078809432930371903e-01
2.869209738748168093e+01 2.570293402226271340e-01
2.930796376702483030e+01 2.476572821803328661e-01
2.992383443634207651e+01 1.997558315075360635e-01
3.053970939543341956e+01 1.770489352774722858e-01
3.115558864429794994e+01 2.128139571506054983e-01
3.177147218293657716e+01 2.031761124813897257e-01
3.238736001134884646e+01 1.607482890294849864e-01
3.300325212953521259e+01 1.373441875216925290e-01
3.361914853749476606e+01 1.572324119311230561e-01
3.423504923522887111e+01 1.407015986651713457e-01
3.485095422273661825e+01 1.124361871389087109e-01
3.546686350001800747e+01 9.385248968235378186e-02
3.608277706707349353e+01 9.924572590402119809e-02
3.669869492390216692e+01 8.033180410107038094e-02
3.731461707050493715e+01 6.420557501056987915e-02
3.793054350688180421e+01 5.778389579325238917e-02
3.854647423303140386e+01 5.996447092584335919e-02
3.916240924895600983e+01 4.627203964616338067e-02
3.977834855465380315e+01 3.854447575790700964e-02
4.039429215012569330e+01 3.595666687309649612e-02
4.101024003537122553e+01 4.000108114509415974e-02
4.162619221039039985e+01 2.935734769677867881e-02
4.224214867518321626e+01 2.432815715564073944e-02
4.285810942974967475e+01 2.719636470358491667e-02
4.347407447409113956e+01 3.512655218020502984e-02
4.409004380820488223e+01 2.753650938860362565e-02
4.470601743209317647e+01 2.471694146506033321e-02
4.532199534575556754e+01 3.007839533972477691e-02
4.593797754919114595e+01 3.590508061617870422e-02
4.655396404240082120e+01 3.342174580942416234e-02
4.716995482538368378e+01 3.383628943309988091e-02
4.778594989814109795e+01 3.918605169016466105e-02
4.840194926067260894e+01 4.109784435813729903e-02
4.901795291297685253e+01 4.534677217707950431e-02
4.963396085505564770e+01 4.541993409684948885e-02
5.024997308690808495e+01 5.300455494075825835e-02
5.086598960853370954e+01 5.151193901263635688e-02
5.148201041993388571e+01 5.539444064435800064e-02
5.209803552110770397e+01 6.006672808301664196e-02
5.271406491205516431e+01 6.584542939168516740e-02
5.333009859277626674e+01 6.164524687955361126e-02
5.394613656327146600e+01 6.818850470236220707e-02
5.456217882353985260e+01 7.478254859198416038e-02
5.517822537358279078e+01 7.470970907719991227e-02
5.579427621339937104e+01 6.595047863574178548e-02
5.641033134298913865e+01 7.367650267043417134e-02
5.702639076235391258e+01 8.346555844955771963e-02
5.764245447149141910e+01 8.226338114002131052e-02
5.825852247040302245e+01 6.756504506403672450e-02
5.887459475908826789e+01 7.553830179939394207e-02
5.949067133754715542e+01 8.370085096794036006e-02
6.010675220578013978e+01 8.111876275995180685e-02
6.072283736378676622e+01 6.939621988585162327e-02
6.133892681156748949e+01 7.222549620980549256e-02
6.195502054912140011e+01 7.765430032964204532e-02
6.257111857644986230e+01 7.602945908684349829e-02
6.318722089355196658e+01 6.783687840378782585e-02
6.380332750042725820e+01 6.828728399283438832e-02
6.441943839707710140e+01 7.127427919824377844e-02
6.503555358350013194e+01 7.050580856468363633e-02
6.565167305969725930e+01 6.884021614714168347e-02
6.626779682566848351e+01 6.532348567270430950e-02
6.688392488141289505e+01 6.392652779311525091e-02
6.750005722693140342e+01 6.726624069295400465e-02
6.811619386222355388e+01 7.033650456719207911e-02
6.873233478728934642e+01 6.591500362542743185e-02
6.934848000212969055e+01 6.051043914815080332e-02
6.996462950674276726e+01 6.392212263515410775e-02
7.058078330112994081e+01 7.284313018886560964e-02
7.119694138529121119e+01 7.100006851146720144e-02
7.181310375922612366e+01 6.320569430605900429e-02
7.242927042293467821e+01 6.710073243961593714e-02
7.304544137641732959e+01 8.194225355635016694e-02
7.366161661967407781e+01 8.493228726951031204e-02
7.427779615270401337e+01 7.847428144868801025e-02
7.489397997550804575e+01 8.078321198669333181e-02
7.551016808808526548e+01 1.020110891551335858e-01
7.612636049043703679e+01 1.128255586957308820e-01
7.674255718256245018e+01 1.063418432573507433e-01
7.735875816446150566e+01 1.083862267675300001e-01
7.797496343613420322e+01 1.351289992813134444e-01
7.859117299758054287e+01 1.494373648594290727e-01
7.920738684880097935e+01 1.468517856785298836e-01
7.982360498979505792e+01 1.534200243576851197e-01
8.043982742056323332e+01 1.771333364294606916e-01
8.105605414110505080e+01 1.883337832078395835e-01
8.167228515142051037e+01 1.889331831074392010e-01
8.228852045151006678e+01 1.963937037325718116e-01
8.290476004137326527e+01 2.150891705234243001e-01
8.352100392101010584e+01 2.167183180311083313e-01
8.413725209042058850e+01 2.186403409876220283e-01
8.475350454960516799e+01 2.281047106691217463e-01
8.536976129856384432e+01 2.378608302965599386e-01
8.598602233729525324e+01 2.368117194540641235e-01
8.660228766580166848e+01 2.365228568941302456e-01
8.721855728408172581e+01 2.452794683689849264e-01
8.783483119213451573e+01 2.474456256385059449e-01
8.845110938996185723e+01 2.431768807808190602e-01
8.906739187756284082e+01 2.432420709292812955e-01
8.968352819377514606e+01 2.484677876834161248e-01
9.029981925987658542e+01 2.468559048790974764e-01
9.091611461575166686e+01 2.428595522702440002e-01
9.153241426140084513e+01 2.402562980346552579e-01
9.214871819682321075e+01 2.403162209238057512e-01
9.276502642201967319e+01 2.314291081446428200e-01
9.338133893698977772e+01 2.331419346267017412e-01
9.399765574173397908e+01 2.265686905277408403e-01
9.461397683625182253e+01 2.209166764963619300e-01
9.523030222054330807e+01 2.089181242913268621e-01
9.584663189460889043e+01 2.126990393701514714e-01
9.646296585844766014e+01 2.047141304247729610e-01
9.707930411206098142e+01 1.851850236003567407e-01
9.769564665544794480e+01 1.715418645270078701e-01
9.831199348860855025e+01 1.839848812092617913e-01
9.892834461154279779e+01 1.689804969211773367e-01
9.954470002425068742e+01 1.402466084967708970e-01
1.001610597267331286e+02 1.319215062691097562e-01
1.007774237189883024e+02 1.441597194489727396e-01
1.013937920010180278e+02 1.282672990895090404e-01
1.020101645728218500e+02 9.374640361331849914e-02
1.026265414343984048e+02 9.130035974788161535e-02
1.032429225857495112e+02 1.013039627001410953e-01
1.038593080268738049e+02 9.174593250580803661e-02
1.044756977577726502e+02 6.461880828040848790e-02
1.050920917784446829e+02 5.933326766953318787e-02
1.057084900888908123e+02 6.716254545296621026e-02
1.063248926891105839e+02 6.507383718856307731e-02
1.069412995791039975e+02 4.698505224215128451e-02
1.075577107588715080e+02 4.154364823666791690e-02
1.081741262284131153e+02 4.447782279523283810e-02
1.087905459877279100e+02 5.025872402274898787e-02
1.094069700368168014e+02 4.382554182980520630e-02
1.100233983756788803e+02 3.474206010637739817e-02
1.106398310043155107e+02 3.439120124266738937e-02
1.112562679227253284e+02 4.546014797122847895e-02
1.118727091309096977e+02 4.725093343622475961e-02
1.124891546288672544e+02 3.626605325390705459e-02
1.131056044165989078e+02 3.206264514799583853e-02
1.137220584941042034e+02 4.702200448636908309e-02
1.143385168613826863e+02 5.285077139348798303e-02
1.149549795184361756e+02 4.203596924492639109e-02
1.155714464652628521e+02 3.672663977120309980e-02
1.161879177018631708e+02 5.317419027569679491e-02
1.168043932282375863e+02 6.316940438579943251e-02
1.174208730443856439e+02 5.124158011683569575e-02
1.180373571503073435e+02 4.930718264285165187e-02
1.186538455460031400e+02 5.858649370920351873e-02
1.192703382314721239e+02 7.330821069264231715e-02
1.198868352067156593e+02 6.675008908352676740e-02
1.205033364717323821e+02 6.235435066974941154e-02
1.211198420265232016e+02 6.823650445555069777e-02
1.217363518710872086e+02 8.052077256609874167e-02
1.223528660054262218e+02 7.687826656332130693e-02
1.229693844295384224e+02 7.778193991036595756e-02
1.235859071434242651e+02 7.740419703542927854e-02
1.242024341470837498e+02 8.675154754434691307e-02
1.248189654405173314e+02 9.124517432483476853e-02
1.254355010237245551e+02 9.134462200107311414e-02
1.260520408967058756e+02 8.971168992044910306e-02
1.266685850594603835e+02 9.296676318987796839e-02
1.272851335119894429e+02 9.949815143133118600e-02
1.279016862542916897e+02 1.019201379045073519e-01
1.285182432863684880e+02 9.995475317572038998e-02
1.291348046082175642e+02 9.896018688038056565e-02
1.297513702198416468e+02 1.042586690645588288e-01
1.303679401212398261e+02 1.096079240655788850e-01
1.309845143124107381e+02 1.081868853837127942e-01
1.316010927933562016e+02 1.022418593790363345e-01
1.322176755640748524e+02 1.076395081160903683e-01
1.328342626245680549e+02 1.092873883299791404e-01
1.334508539748344447e+02 1.099290199282247221e-01
1.340674496148749313e+02 1.062623141471208954e-01
1.346840495446890600e+02 1.047916066845536870e-01
-2.240970769264640694e+01 2.132535227425759738e-01
-2.179419736327963619e+01 2.279271202504500327e-01
-2.117868274413967811e+01 2.272215845571793347e-01
-2.056316383522607794e+01 2.215625756865109153e-01
-1.994764063653792618e+01 2.207976419421341097e-01
-1.933211314807658709e+01 2.349480406655193310e-01
-1.871658136984115117e+01 2.384919030417395058e-01
-1.810104530183252791e+01 2.605234140690124156e-01
-1.748550494404935307e+01 2.704892421110195455e-01
-1.686996029649299089e+01 2.841432100101996538e-01
-1.625441135916253188e+01 3.105133966867462125e-01
-1.563885813205797604e+01 3.765193126043444027e-01
-1.502330061518023285e+01 3.719039557330933721e-01
-1.440773880852839284e+01 4.003233167065476383e-01
-1.379217271210336548e+01 4.698150048524462052e-01
-1.317660232590378655e+01 5.688295017888809202e-01
-1.256102764993102028e+01 5.287246786175728852e-01
-1.194544868418415717e+01 5.696473583634422688e-01
-1.132986542866274249e+01 6.670721344748422599e-01
-1.071427788336859521e+01 7.492294339276688309e-01
-1.009868604830035110e+01 7.000490963252893328e-01
-9.483089923458464909e+00 7.424679718499740400e-01
-8.867489508842481882e+00 8.429593862243498492e-01
-8.251884804452856770e+00 8.967366285892490740e-01
-7.636275810289134824e+00 8.507237293521969779e-01
-7.020662526351770794e+00 8.732744182817198109e-01
-6.405044952641219425e+00 9.085680826023772028e-01
-5.789423089156116475e+00 9.313090915039922146e-01
-5.173796935897826188e+00 9.149976171080256293e-01
-4.558166492865439068e+00 9.203119319664737619e-01
-3.942531760058955115e+00 9.518523831788904266e-01
-3.326892737479283824e+00 9.801036857807469138e-01
-2.711249425125515700e+00 9.833463701858233819e-01
-2.095601822998105490e+00 9.625441082584732522e-01
-1.479949931096598448e+00 9.567263539910842995e-01
-8.642937494209945726e-01 9.995687018649761502e-01
-2.486332779722033592e-01 1.000000000000000000e+00
3.670314832502299396e-01 9.594869269212392693e-01
9.827005342463053239e-01 9.206869221664462088e-01
1.598373875016932288e+00 9.846465218480032755e-01
